"Município";"Masculino";"Feminino";"Total"
"110001 Alta Floresta D'Oeste";11631;11097;22728
"110037 Alto Alegre dos Parecis";6764;6491;13255
"110040 Alto Paraíso";11154;10693;21847
"110034 Alvorada D'Oeste";7134;6972;14106
"110002 Ariquemes";54747;54776;109523
"110045 Buritis";20018;20338;40356
"110003 Cabixi";2650;2538;5188
"110060 Cacaulândia";3136;3133;6269
"110004 Cacoal";42122;43771;85893
"110070 Campo Novo de Rondônia";7466;6800;14266
"110080 Candeias do Jamari";13902;13486;27388
"110090 Castanheiras";1487;1500;2987
"110005 Cerejeiras";7985;8219;16204
"110092 Chupinguaia";5881;5591;11472
"110006 Colorado do Oeste";7718;7826;15544
"110007 Corumbiara";3821;3399;7220
"110008 Costa Marques";9915;8883;18798
"110094 Cujubim";13537;12646;26183
"110009 Espigão D'Oeste";16396;16299;32695
"110100 Governador Jorge Teixeira";3749;3696;7445
"110010 Guajará-Mirim";23564;22992;46556
"110110 Itapuã do Oeste";5567;5074;10641
"110011 Jaru";25294;26326;51620
"110012 Ji-Paraná";63909;66100;130009
"110013 Machadinho D'Oeste";21210;19657;40867
"110120 Ministro Andreazza";4758;4801;9559
"110130 Mirante da Serra";5394;5424;10818
"110140 Monte Negro";8227;7780;16007
"110014 Nova Brasilândia D'Oeste";10390;10099;20489
"110033 Nova Mamoré";16061;15331;31392
"110143 Nova União";3581;3314;6895
"110050 Novo Horizonte do Oeste";4265;4064;8329
"110015 Ouro Preto do Oeste";17185;18552;35737
"110145 Parecis";3321;2877;6198
"110018 Pimenta Bueno";18408;18473;36881
"110146 Pimenteiras do Oeste";1100;1048;2148
"110020 Porto Velho";278533;260821;539354
"110025 Presidente Médici";9225;9346;18571
"110147 Primavera de Rondônia";1410;1366;2776
"110026 Rio Crespo";1963;1841;3804
"110028 Rolim de Moura";27025;28382;55407
"110029 Santa Luzia D'Oeste";3135;3081;6216
"110148 São Felipe D'Oeste";2519;2547;5066
"110149 São Francisco do Guaporé";10387;10294;20681
"110032 São Miguel do Guaporé";11735;11342;23077
"110150 Seringueiras";5984;5867;11851
"110155 Teixeirópolis";2161;2072;4233
"110160 Theobroma";5336;5059;10395
"110170 Urupá";5702;5570;11272
"110175 Vale do Anari";5820;5557;11377
"110180 Vale do Paraíso";3308;3348;6656
"110030 Vilhena";50479;51732;102211
"120001 Acrelândia";7947;7543;15490
"120005 Assis Brasil";3721;3813;7534
"120010 Brasiléia";13635;13067;26702
"120013 Bujari";5447;4973;10420
"120017 Capixaba";6016;5992;12008
"120020 Cruzeiro do Sul";44125;44947;89072
"120025 Epitaciolândia";9388;9308;18696
"120030 Feijó";18209;16675;34884
"120032 Jordão";4373;4100;8473
"120033 Mâncio Lima";9816;9495;19311
"120034 Manoel Urbano";5082;4499;9581
"120035 Marechal Thaumaturgo";10133;9166;19299
"120038 Plácido de Castro";10418;9537;19955
"120080 Porto Acre";9649;9175;18824
"120039 Porto Walter";6414;5827;12241
"120040 Rio Branco";201499;211919;413418
"120042 Rodrigues Alves";9954;9397;19351
"120043 Santa Rosa do Purus";3414;3303;6717
"120050 Sena Madureira";24080;22431;46511
"120045 Senador Guiomard";11641;11595;23236
"120060 Tarauacá";22245;20906;43151
"120070 Xapuri";10114;9482;19596
"130002 Alvarães";8547;7673;16220
"130006 Amaturá";6087;5649;11736
"130008 Anamã";7420;6536;13956
"130010 Anori";11002;10475;21477
"130014 Apuí";11887;10472;22359
"130020 Atalaia do Norte";10658;9740;20398
"130030 Autazes";21157;19133;40290
"130040 Barcelos";15193;12445;27638
"130050 Barreirinha";16944;15539;32483
"130060 Benjamin Constant";22711;21224;43935
"130063 Beruri";10553;9540;20093
"130068 Boa Vista do Ramos";10573;9053;19626
"130070 Boca do Acre";17855;16780;34635
"130080 Borba";21927;19821;41748
"130083 Caapiranga";6972;6311;13283
"130090 Canutama";8771;7036;15807
"130100 Carauari";14623;13885;28508
"130110 Careiro";19859;18489;38348
"130115 Careiro da Várzea";16125;14721;30846
"130120 Coari";45391;40519;85910
"130130 Codajás";15089;14079;29168
"130140 Eirunepé";18331;17369;35700
"130150 Envira";10464;9929;20393
"130160 Fonte Boa";8932;8073;17005
"130165 Guajará";8712;8225;16937
"130170 Humaitá";29502;26642;56144
"130180 Ipixuna";15484;14952;30436
"130185 Iranduba";25134;23877;49011
"130190 Itacoatiara";52231;50470;102701
"130195 Itamarati";4123;3691;7814
"130200 Itapiranga";4818;4412;9230
"130210 Japurá";1201;1050;2251
"130220 Juruá";7754;7352;15106
"130230 Jutaí";7324;6562;13886
"130240 Lábrea";24456;22426;46882
"130250 Manacapuru";49871;48631;98502
"130255 Manaquiri";16726;16323;33049
"130260 Manaus";1079585;1139995;2219580
"130270 Manicoré";29666;26917;56583
"130280 Maraã";9990;8271;18261
"130290 Maués";34128;30912;65040
"130300 Nhamundá";11140;10303;21443
"130310 Nova Olinda do Norte";19653;18373;38026
"130320 Novo Airão";10399;9529;19928
"130330 Novo Aripuanã";14127;11919;26046
"130340 Parintins";59122;56241;115363
"130350 Pauini";10382;9140;19522
"130353 Presidente Figueiredo";19101;18092;37193
"130356 Rio Preto da Eva";17958;16148;34106
"130360 Santa Isabel do Rio Negro";13205;12660;25865
"130370 Santo Antônio do Içá";10895;10348;21243
"130380 São Gabriel da Cachoeira";23807;22496;46303
"130390 São Paulo de Olivença";20899;19174;40073
"130395 São Sebastião do Uatumã";7528;6824;14352
"130400 Silves";4863;4367;9230
"130406 Tabatinga";33754;33428;67182
"130410 Tapauá";9005;8010;17015
"130420 Tefé";30513;29034;59547
"130423 Tonantins";9885;9012;18897
"130426 Uarini";7333;6357;13690
"130430 Urucará";8351;7779;16130
"130440 Urucurituba";12432;11153;23585
"140005 Alto Alegre";8326;7054;15380
"140002 Amajari";6988;6197;13185
"140010 Boa Vista";212528;207124;419652
"140015 Bonfim";6929;5628;12557
"140017 Cantá";10124;8675;18799
"140020 Caracaraí";12006;10277;22283
"140023 Caroebe";5612;4771;10383
"140028 Iracema";6535;5761;12296
"140030 Mucajaí";9867;8305;18172
"140040 Normandia";6292;5240;11532
"140045 Pacaraima";9874;9039;18913
"140047 Rorainópolis";16891;13891;30782
"140050 São João da Baliza";4422;3926;8348
"140060 São Luiz";4397;3713;8110
"140070 Uiramutã";5704;5085;10789
"150010 Abaetetuba";80437;78643;159080
"150013 Abel Figueiredo";3894;3592;7486
"150020 Acará";29396;26273;55669
"150030 Afuá";20903;18664;39567
"150034 Água Azul do Norte";14859;12756;27615
"150040 Alenquer";29258;27834;57092
"150050 Almeirim";17552;16524;34076
"150060 Altamira";57781;58188;115969
"150070 Anajás";15477;14211;29688
"150080 Ananindeua";253904;281643;535547
"150085 Anapu";15388;13219;28607
"150090 Augusto Corrêa";24000;22471;46471
"150095 Aurora do Pará";16005;15768;31773
"150100 Aveiro";8711;7693;16404
"150110 Bagre";15639;15686;31325
"150120 Baião";25715;22744;48459
"150125 Bannach";1728;1534;3262
"150130 Barcarena";63686;63341;127027
"150140 Belém";701185;798456;1499641
"150145 Belterra";9021;8818;17839
"150150 Benevides";31604;32164;63768
"150157 Bom Jesus do Tocantins";9141;7977;17118
"150160 Bonito";8487;8043;16530
"150170 Bragança";64734;64180;128914
"150172 Brasil Novo";7776;7207;14983
"150175 Brejo Grande do Araguaia";3865;3503;7368
"150178 Breu Branco";33934;33398;67332
"150180 Breves";53395;50102;103497
"150190 Bujaru";15368;14059;29427
"150200 Cachoeira do Arari";12391;11673;24064
"150195 Cachoeira do Piriá";17510;17099;34609
"150210 Cametá";71384;67980;139364
"150215 Canaã dos Carajás";18483;19620;38103
"150220 Capanema";34031;35400;69431
"150230 Capitão Poço";27577;26848;54425
"150240 Castanhal";98670;104581;203251
"150250 Chaves";12730;11218;23948
"150260 Colares";6232;5899;12131
"150270 Conceição do Araguaia";24396;23595;47991
"150275 Concórdia do Pará";17448;16333;33781
"150276 Cumaru do Norte";8240;5521;13761
"150277 Curionópolis";9445;8401;17846
"150280 Curralinho";18425;16569;34994
"150285 Curuá";7538;7049;14587
"150290 Curuçá";20650;19934;40584
"150293 Dom Eliseu";31560;28909;60469
"150295 Eldorado do Carajás";17869;16071;33940
"150300 Faro";3637;3433;7070
"150304 Floresta do Araguaia";11012;9513;20525
"150307 Garrafão do Norte";13524;12587;26111
"150309 Goianésia do Pará";21081;20000;41081
"150310 Gurupá";17885;15870;33755
"150320 Igarapé-Açu";19376;19647;39023
"150330 Igarapé-Miri";32023;31013;63036
"150340 Inhangapi";5986;5875;11861
"150345 Ipixuna do Pará";33989;31636;65625
"150350 Irituia";16730;15865;32595
"150360 Itaituba";51501;49894;101395
"150370 Itupiranga";28160;25195;53355
"150375 Jacareacanga";4373;3217;7590
"150380 Jacundá";29568;30274;59842
"150390 Juruti";30597;28363;58960
"150400 Limoeiro do Ajuru";15386;13896;29282
"150405 Mãe do Rio";14630;15605;30235
"150410 Magalhães Barata";4527;4046;8573
"150420 Marabá";144139;139403;283542
"150430 Maracanã";15254;14262;29516
"150440 Marapanim";14528;13922;28450
"150442 Marituba";66712;66973;133685
"150445 Medicilândia";17461;14514;31975
"150450 Melgaço";14985;12905;27890
"150460 Mocajuba";16314;15216;31530
"150470 Moju";43609;39573;83182
"150475 Mojuí dos Campos";8377;7807;16184
"150480 Monte Alegre";29525;28637;58162
"150490 Muaná";21331;19575;40906
"150495 Nova Esperança do Piriá";11230;10214;21444
"150497 Nova Ipixuna";8730;8124;16854
"150500 Nova Timboteua";7958;7548;15506
"150503 Novo Progresso";12489;13277;25766
"150506 Novo Repartimento";40624;36590;77214
"150510 Óbidos";26965;25341;52306
"150520 Oeiras do Pará";17172;15678;32850
"150530 Oriximiná";37213;36803;74016
"150540 Ourém";9214;8747;17961
"150543 Ourilândia do Norte";17549;15786;33335
"150548 Pacajá";26548;21866;48414
"150549 Palestina do Pará";3847;3735;7582
"150550 Paragominas";57287;57216;114503
"150553 Parauapebas";108593;104983;213576
"150555 Pau D'Arco";2779;2631;5410
"150560 Peixe-Boi";4069;4012;8081
"150563 Piçarra";6761;6218;12979
"150565 Placas";16754;14905;31659
"150570 Ponta de Pedras";16146;15403;31549
"150580 Portel";32095;30850;62945
"150590 Porto de Moz";21739;20062;41801
"150600 Prainha";15798;14048;29846
"150610 Primavera";5552;5305;10857
"150611 Quatipuru";7070;6632;13702
"150613 Redenção";42855;42708;85563
"150616 Rio Maria";9414;8787;18201
"150618 Rondon do Pará";27668;25135;52803
"150619 Rurópolis";26900;24600;51500
"150620 Salinópolis";20734;20188;40922
"150630 Salvaterra";12113;11962;24075
"150635 Santa Bárbara do Pará";10874;10575;21449
"150640 Santa Cruz do Arari";5138;5176;10314
"150650 Santa Izabel do Pará";38084;33753;71837
"150655 Santa Luzia do Pará";9930;9913;19843
"150658 Santa Maria das Barreiras";11904;9946;21850
"150660 Santa Maria do Pará";12326;12669;24995
"150670 Santana do Araguaia";39396;35023;74419
"150680 Santarém";150590;155890;306480
"150690 Santarém Novo";3456;3297;6753
"150700 Santo Antônio do Tauá";15825;16093;31918
"150710 São Caetano de Odivelas";9360;8769;18129
"150715 São Domingos do Araguaia";13177;12576;25753
"150720 São Domingos do Capim";16933;15206;32139
"150730 São Félix do Xingu";68520;63618;132138
"150740 São Francisco do Pará";8046;7884;15930
"150745 São Geraldo do Araguaia";12508;12197;24705
"150746 São João da Ponta";3146;3071;6217
"150747 São João de Pirabas";12085;11159;23244
"150750 São João do Araguaia";7816;6235;14051
"150760 São Miguel do Guamá";30049;29583;59632
"150770 São Sebastião da Boa Vista";13917;13057;26974
"150775 Sapucaia";3327;2682;6009
"150780 Senador José Porfírio";6283;5197;11480
"150790 Soure";12680;12885;25565
"150795 Tailândia";55634;53335;108969
"150796 Terra Alta";5970;5877;11847
"150797 Terra Santa";9821;9096;18917
"150800 Tomé-Açu";33000;31030;64030
"150803 Tracuateua";16203;15054;31257
"150805 Trairão";10447;8721;19168
"150808 Tucumã";20684;19452;40136
"150810 Tucuruí";56786;58358;115144
"150812 Ulianópolis";30328;30433;60761
"150815 Uruará";23949;21486;45435
"150820 Vigia";27605;26567;54172
"150830 Viseu";32391;29360;61751
"150835 Vitória do Xingu";8294;6985;15279
"150840 Xinguara";22661;22425;45086
"160010 Amapá";4798;4389;9187
"160020 Calçoene";6081;5225;11306
"160021 Cutias";3148;2953;6101
"160023 Ferreira Gomes";4164;3803;7967
"160025 Itaubal";3053;2564;5617
"160027 Laranjal do Jari";26240;25122;51362
"160030 Macapá";252459;260443;512902
"160040 Mazagão";11656;10397;22053
"160050 Oiapoque";14383;13523;27906
"160015 Pedra Branca do Amapari";9156;7911;17067
"160053 Porto Grande";11619;10833;22452
"160055 Pracuúba";2716;2530;5246
"160060 Santana";61179;61917;123096
"160005 Serra do Navio";2862;2626;5488
"160070 Tartarugalzinho";9516;8253;17769
"160080 Vitória do Jari";8464;7790;16254
"170025 Abreulândia";1336;1258;2594
"170030 Aguiarnópolis";3430;3462;6892
"170035 Aliança do Tocantins";2705;2641;5346
"170040 Almas";3582;3397;6979
"170070 Alvorada";4246;4150;8396
"170100 Ananás";4736;4756;9492
"170105 Angico";1797;1657;3454
"170110 Aparecida do Rio Negro";2477;2371;4848
"170130 Aragominas";3033;2698;5731
"170190 Araguacema";3791;3364;7155
"170200 Araguaçu";4305;4162;8467
"170210 Araguaína";89758;93623;183381
"170215 Araguanã";2881;2912;5793
"170220 Araguatins";18314;17856;36170
"170230 Arapoema";3315;3301;6616
"170240 Arraias";5268;5266;10534
"170255 Augustinópolis";9143;9500;18643
"170270 Aurora do Tocantins";1929;1854;3783
"170290 Axixá do Tocantins";4868;4919;9787
"170300 Babaçulândia";5818;4848;10666
"170305 Bandeirantes do Tocantins";1950;1642;3592
"170307 Barra do Ouro";2425;2207;4632
"170310 Barrolândia";2886;2765;5651
"170320 Bernardo Sayão";2243;2205;4448
"170330 Bom Jesus do Tocantins";2608;2400;5008
"170360 Brasilândia do Tocantins";1098;1113;2211
"170370 Brejinho de Nazaré";2707;2812;5519
"170380 Buriti do Tocantins";5819;5678;11497
"170382 Cachoeirinha";1212;1072;2284
"170384 Campos Lindos";5402;4910;10312
"170386 Cariri do Tocantins";2511;1930;4441
"170388 Carmolândia";1316;1287;2603
"170389 Carrasco Bonito";2133;1997;4130
"170390 Caseara";2831;2611;5442
"170410 Centenário";1548;1388;2936
"170510 Chapada da Natividade";1780;1551;3331
"170460 Chapada de Areia";743;667;1410
"170550 Colinas do Tocantins";17680;18171;35851
"171670 Colméia";4113;4028;8141
"170555 Combinado";2484;2377;4861
"170560 Conceição do Tocantins";2041;2046;4087
"170600 Couto Magalhães";2929;2710;5639
"170610 Cristalândia";3746;3532;7278
"170625 Crixás do Tocantins";895;840;1735
"170650 Darcinópolis";3221;2953;6174
"170700 Dianópolis";11334;11090;22424
"170710 Divinópolis do Tocantins";3502;3441;6943
"170720 Dois Irmãos do Tocantins";3987;3198;7185
"170730 Dueré";2489;2197;4686
"170740 Esperantina";5709;5430;11139
"170755 Fátima";1904;1926;3830
"170765 Figueirópolis";2612;2631;5243
"170770 Filadélfia";4683;4191;8874
"170820 Formoso do Araguaia";9619;8780;18399
"170825 Fortaleza do Tabocão";1278;1324;2602
"170830 Goianorte";2702;2428;5130
"170900 Goiatins";6816;6279;13095
"170930 Guaraí";13133;13032;26165
"170950 Gurupi";43713;43832;87545
"170980 Ipueiras";1090;962;2052
"171050 Itacajá";3894;3558;7452
"171070 Itaguatins";2925;2907;5832
"171090 Itapiratins";2039;1756;3795
"171110 Itaporã do Tocantins";1249;1171;2420
"171150 Jaú do Tocantins";1962;1916;3878
"171180 Juarina";1148;1036;2184
"171190 Lagoa da Confusão";7447;6229;13676
"171195 Lagoa do Tocantins";2303;2090;4393
"171200 Lajeado";1614;1553;3167
"171215 Lavandeira";999;955;1954
"171240 Lizarda";2024;1709;3733
"171245 Luzinópolis";1609;1545;3154
"171250 Marianópolis do Tocantins";2778;2476;5254
"171270 Mateiros";1494;1235;2729
"171280 Maurilândia do Tocantins";1804;1644;3448
"171320 Miracema do Tocantins";8430;9506;17936
"171330 Miranorte";6793;6700;13493
"171360 Monte do Carmo";4296;3770;8066
"171370 Monte Santo do Tocantins";1170;1125;2295
"171395 Muricilândia";1900;1687;3587
"171420 Natividade";4724;4526;9250
"171430 Nazaré";1946;1888;3834
"171488 Nova Olinda";6240;5677;11917
"171500 Nova Rosalândia";2280;2024;4304
"171510 Novo Acordo";2278;2119;4397
"171515 Novo Alegre";1198;1134;2332
"171525 Novo Jardim";1439;1306;2745
"171550 Oliveira de Fátima";588;530;1118
"172100 Palmas";149060;157236;306296
"171570 Palmeirante";3296;2835;6131
"171380 Palmeiras do Tocantins";3502;3243;6745
"171575 Palmeirópolis";3865;3811;7676
"171610 Paraíso do Tocantins";25823;26068;51891
"171620 Paranã";5425;5012;10437
"171630 Pau D'Arco";2643;2224;4867
"171650 Pedro Afonso";7219;6554;13773
"171660 Peixe";6097;5776;11873
"171665 Pequizeiro";2814;2698;5512
"171700 Pindorama do Tocantins";2290;2140;4430
"171720 Piraquê";1730;1303;3033
"171750 Pium";4065;3678;7743
"171780 Ponte Alta do Bom Jesus";2427;2164;4591
"171790 Ponte Alta do Tocantins";4366;3750;8116
"171800 Porto Alegre do Tocantins";1609;1561;3170
"171820 Porto Nacional";26447;26869;53316
"171830 Praia Norte";4309;4189;8498
"171840 Presidente Kennedy";1873;1803;3676
"171845 Pugmil";1442;1275;2717
"171850 Recursolândia";2342;2000;4342
"171855 Riachinho";2354;2330;4684
"171865 Rio da Conceição";1058;1113;2171
"171870 Rio dos Bois";1522;1334;2856
"171875 Rio Sono";3514;2974;6488
"171880 Sampaio";2416;2378;4794
"171884 Sandolândia";1719;1654;3373
"171886 Santa Fé do Araguaia";3867;3728;7595
"171888 Santa Maria do Tocantins";1806;1680;3486
"171889 Santa Rita do Tocantins";1175;1211;2386
"171890 Santa Rosa do Tocantins";2523;2323;4846
"171900 Santa Tereza do Tocantins";1563;1334;2897
"172000 Santa Terezinha do Tocantins";1269;1261;2530
"172010 São Bento do Tocantins";2729;2662;5391
"172015 São Félix do Tocantins";888;710;1598
"172020 São Miguel do Tocantins";6125;6169;12294
"172025 São Salvador do Tocantins";1571;1523;3094
"172030 São Sebastião do Tocantins";2521;2331;4852
"172049 São Valério";1928;1976;3904
"172065 Silvanópolis";2756;2672;5428
"172080 Sítio Novo do Tocantins";4581;4416;8997
"172085 Sucupira";961;1025;1986
"172090 Taguatinga";8671;8154;16825
"172093 Taipas do Tocantins";1095;1071;2166
"172097 Talismã";1418;1394;2812
"172110 Tocantínia";3910;3707;7617
"172120 Tocantinópolis";11340;11505;22845
"172125 Tupirama";980;942;1922
"172130 Tupiratins";1425;1304;2729
"172208 Wanderlândia";5976;5758;11734
"172210 Xambioá";5989;5531;11520
"210005 Açailândia";56266;56855;113121
"210010 Afonso Cunha";3314;3264;6578
"210015 Água Doce do Maranhão";6476;6176;12652
"210020 Alcântara";11177;10935;22112
"210030 Aldeias Altas";13750;13007;26757
"210040 Altamira do Maranhão";3997;4192;8189
"210043 Alto Alegre do Maranhão";13733;13530;27263
"210047 Alto Alegre do Pindaré";16208;15735;31943
"210050 Alto Parnaíba";5735;5477;11212
"210055 Amapá do Maranhão";3469;3536;7005
"210060 Amarante do Maranhão";21512;20217;41729
"210070 Anajatuba";13678;13310;26988
"210080 Anapurus";7923;7971;15894
"210083 Apicum-Açu";9022;8391;17413
"210087 Araguanã";7772;7779;15551
"210090 Araioses";23882;22889;46771
"210095 Arame";17183;15581;32764
"210100 Arari";14770;15162;29932
"210110 Axixá";6125;6058;12183
"210120 Bacabal";49843;55416;105259
"210125 Bacabeira";8482;8770;17252
"210130 Bacuri";9271;9383;18654
"210135 Bacurituba";2845;2825;5670
"210140 Balsas";47971;47958;95929
"210150 Barão de Grajaú";9313;9611;18924
"210160 Barra do Corda";44113;44510;88623
"210170 Barreirinhas";31922;31295;63217
"210177 Bela Vista do Maranhão";5580;5699;11279
"210173 Belágua";3963;3565;7528
"210180 Benedito Leite";2945;2693;5638
"210190 Bequimão";10613;10686;21299
"210193 Bernardo do Mearim";2959;3114;6073
"210197 Boa Vista do Gurupi";4807;4607;9414
"210200 Bom Jardim";21036;20786;41822
"210203 Bom Jesus das Selvas";18031;16536;34567
"210207 Bom Lugar";8258;8180;16438
"210210 Brejo";18387;18264;36651
"210215 Brejo de Areia";4639;4375;9014
"210220 Buriti";14451;14347;28798
"210230 Buriti Bravo";11760;12179;23939
"210232 Buriticupu";36366;36617;72983
"210235 Buritirana";7835;7632;15467
"210237 Cachoeira Grande";4950;4528;9478
"210240 Cajapió";5615;5601;11216
"210250 Cajari";9987;9464;19451
"210255 Campestre do Maranhão";7250;7203;14453
"210260 Cândido Mendes";10418;9860;20278
"210270 Cantanhede";10912;11205;22117
"210275 Capinzal do Norte";5426;5509;10935
"210280 Carolina";12552;11756;24308
"210290 Carutapera";12144;11808;23952
"210300 Caxias";79440;86085;165525
"210310 Cedral";5472;5221;10693
"210312 Central do Maranhão";4395;4345;8740
"210315 Centro do Guilherme";7039;6631;13670
"210317 Centro Novo do Maranhão";11499;10341;21840
"210320 Chapadinha";39117;41078;80195
"210325 Cidelândia";7445;7332;14777
"210330 Codó";59351;63765;123116
"210340 Coelho Neto";24019;25602;49621
"210350 Colinas";20521;20791;41312
"210355 Conceição do Lago-Açu";8356;8044;16400
"210360 Coroatá";32075;33469;65544
"210370 Cururupu";16258;16368;32626
"210375 Davinópolis";6411;6505;12916
"210380 Dom Pedro";11167;12205;23372
"210390 Duque Bacelar";5712;5689;11401
"210400 Esperantinópolis";8283;8821;17104
"210405 Estreito";23521;19006;42527
"210407 Feira Nova do Maranhão";4430;4097;8527
"210408 Fernando Falcão";5455;5005;10460
"210409 Formosa da Serra Negra";10018;9240;19258
"210410 Fortaleza dos Nogueiras";6548;6099;12647
"210420 Fortuna";7802;7765;15567
"210430 Godofredo Viana";6220;5743;11963
"210440 Gonçalves Dias";8814;9130;17944
"210450 Governador Archer";5390;5496;10886
"210455 Governador Edison Lobão";9456;9064;18520
"210460 Governador Eugênio Barros";8536;8346;16882
"210462 Governador Luiz Rocha";3963;3878;7841
"210465 Governador Newton Bello";5068;5083;10151
"210467 Governador Nunes Freire";12646;12893;25539
"210470 Graça Aranha";3093;3168;6261
"210480 Grajaú";35878;34288;70166
"210490 Guimarães";5943;6054;11997
"210500 Humberto de Campos";15089;13843;28932
"210510 Icatu";13991;13278;27269
"210515 Igarapé do Meio";7119;7205;14324
"210520 Igarapé Grande";5522;5865;11387
"210530 Imperatriz";124171;135166;259337
"210535 Itaipava do Grajaú";8254;7963;16217
"210540 Itapecuru Mirim";34179;34544;68723
"210542 Itinga do Maranhão";13023;13045;26068
"210545 Jatobá";5155;5155;10310
"210547 Jenipapo dos Vieiras";8379;8217;16596
"210550 João Lisboa";11422;12147;23569
"210560 Joselândia";8144;8054;16198
"210565 Junco do Maranhão";1663;1697;3360
"210570 Lago da Pedra";25132;25484;50616
"210580 Lago do Junco";5411;5458;10869
"210594 Lago dos Rodrigues";4409;4448;8857
"210590 Lago Verde";8089;8225;16314
"210592 Lagoa do Mato";5722;5543;11265
"210596 Lagoa Grande do Maranhão";5880;5584;11464
"210598 Lajeado Novo";3952;3650;7602
"210600 Lima Campos";5752;6166;11918
"210610 Loreto";6278;5936;12214
"210620 Luís Domingues";3631;3353;6984
"210630 Magalhães de Almeida";10124;9905;20029
"210632 Maracaçumé";10578;11008;21586
"210635 Marajá do Sena";4251;3524;7775
"210637 Maranhãozinho";8212;8299;16511
"210640 Mata Roma";8481;8496;16977
"210650 Matinha";11607;11875;23482
"210660 Matões";16810;17133;33943
"210663 Matões do Norte";9035;7998;17033
"210667 Milagres do Maranhão";4294;4189;8483
"210670 Mirador";10808;10223;21031
"210675 Miranda do Norte";13745;15009;28754
"210680 Mirinzal";7607;7404;15011
"210690 Monção";16985;16679;33664
"210700 Montes Altos";4623;4488;9111
"210710 Morros";9894;9678;19572
"210720 Nina Rodrigues";7354;7288;14642
"210725 Nova Colinas";2813;2614;5427
"210730 Nova Iorque";2374;2308;4682
"210735 Nova Olinda do Maranhão";10373;10707;21080
"210740 Olho d'Água das Cunhãs";9526;10035;19561
"210745 Olinda Nova do Maranhão";7470;7366;14836
"210750 Paço do Lumiar";59815;63932;123747
"210760 Palmeirândia";9765;10016;19781
"210770 Paraibano";10517;10962;21479
"210780 Parnarama";17534;17474;35008
"210790 Passagem Franca";9376;9761;19137
"210800 Pastos Bons";9871;9712;19583
"210805 Paulino Neves";8291;7875;16166
"210810 Paulo Ramos";10632;10434;21066
"210820 Pedreiras";18476;20715;39191
"210825 Pedro do Rosário";13045;12309;25354
"210830 Penalva";19569;19162;38731
"210840 Peri Mirim";7161;7184;14345
"210845 Peritoró";11553;11811;23364
"210850 Pindaré-Mirim";16086;16979;33065
"210860 Pinheiro";40151;43626;83777
"210870 Pio XII";10568;10811;21379
"210880 Pirapemas";9314;9406;18720
"210890 Poção de Pedras";8825;8770;17595
"210900 Porto Franco";12108;11984;24092
"210905 Porto Rico do Maranhão";3105;2850;5955
"210910 Presidente Dutra";23258;24778;48036
"210920 Presidente Juscelino";6669;6169;12838
"210923 Presidente Médici";3636;3434;7070
"210927 Presidente Sarney";9746;9323;19069
"210930 Presidente Vargas";5736;5525;11261
"210940 Primeira Cruz";8221;7210;15431
"210945 Raposa";15154;16023;31177
"210950 Riachão";10263;9885;20148
"210955 Ribamar Fiquene";3993;3832;7825
"210960 Rosário";21255;21739;42994
"210970 Sambaíba";3007;2672;5679
"210975 Santa Filomena do Maranhão";3988;3838;7826
"210980 Santa Helena";20719;21764;42483
"210990 Santa Inês";42838;46651;89489
"211000 Santa Luzia";36604;36283;72887
"211003 Santa Luzia do Paruá";12739;12632;25371
"211010 Santa Quitéria do Maranhão";12785;12979;25764
"211020 Santa Rita";19057;19241;38298
"211023 Santana do Maranhão";6878;6669;13547
"211027 Santo Amaro do Maranhão";8518;7516;16034
"211030 Santo Antônio dos Lopes";7156;7366;14522
"211040 São Benedito do Rio Preto";9452;9265;18717
"211050 São Bento";21990;23614;45604
"211060 São Bernardo";14098;14569;28667
"211065 São Domingos do Azeitão";3708;3712;7420
"211070 São Domingos do Maranhão";17196;17188;34384
"211080 São Félix de Balsas";2361;2201;4562
"211085 São Francisco do Brejão";6016;5925;11941
"211090 São Francisco do Maranhão";6110;6108;12218
"211100 São João Batista";10343;10358;20701
"211102 São João do Carú";8142;7645;15787
"211105 São João do Paraíso";5990;5203;11193
"211107 São João do Soter";9463;9182;18645
"211110 São João dos Patos";12616;13380;25996
"211120 São José de Ribamar";84783;94245;179028
"211125 São José dos Basílios";3722;3918;7640
"211130 São Luís";515161;593814;1108975
"211140 São Luís Gonzaga do Maranhão";9267;9460;18727
"211150 São Mateus do Maranhão";20241;21464;41705
"211153 São Pedro da Água Branca";6381;6354;12735
"211157 São Pedro dos Crentes";2433;2251;4684
"211160 São Raimundo das Mangabeiras";9654;9326;18980
"211163 São Raimundo do Doca Bezerra";2629;2502;5131
"211167 São Roberto";3498;3291;6789
"211170 São Vicente Ferrer";11215;11135;22350
"211172 Satubinha";7210;6886;14096
"211174 Senador Alexandre Costa";5540;5674;11214
"211176 Senador La Rocque";6933;7288;14221
"211178 Serrano do Maranhão";5390;4909;10299
"211180 Sítio Novo";9446;8714;18160
"211190 Sucupira do Norte";5397;5237;10634
"211195 Sucupira do Riachão";2844;2832;5676
"211200 Tasso Fragoso";4389;4193;8582
"211210 Timbiras";14581;14602;29183
"211220 Timon";82008;88214;170222
"211223 Trizidela do Vale";10715;11397;22112
"211227 Tufilândia";2939;2915;5854
"211230 Tuntum";21222;20818;42040
"211240 Turiaçu";18429;17280;35709
"211245 Turilândia";12824;13044;25868
"211250 Tutóia";29576;29822;59398
"211260 Urbano Santos";16986;16473;33459
"211270 Vargem Grande";28260;28908;57168
"211280 Viana";25917;26732;52649
"211285 Vila Nova dos Martírios";7083;6515;13598
"211290 Vitória do Mearim";16072;16789;32861
"211300 Vitorino Freire";15434;16088;31522
"211400 Zé Doca";25474;26482;51956
"220005 Acauã";3629;3473;7102
"220010 Agricolândia";2444;2687;5131
"220020 Água Branca";8203;9267;17470
"220025 Alagoinha do Piauí";3855;3810;7665
"220027 Alegrete do Piauí";2410;2508;4918
"220030 Alto Longá";7116;7223;14339
"220040 Altos";19834;20771;40605
"220045 Alvorada do Gurguéia";2809;2636;5445
"220050 Amarante";8413;9191;17604
"220060 Angical do Piauí";3204;3579;6783
"220070 Anísio de Abreu";4992;4946;9938
"220080 Antônio Almeida";1638;1532;3170
"220090 Aroazes";2835;2992;5827
"220095 Aroeiras do Itaim";1308;1243;2551
"220100 Arraial";2275;2445;4720
"220105 Assunção do Piauí";3957;3906;7863
"220110 Avelino Lopes";5595;5731;11326
"220115 Baixa Grande do Ribeiro";6071;5600;11671
"220117 Barra D'Alcântara";1847;2105;3952
"220120 Barras";23402;23783;47185
"220130 Barreiras do Piauí";1756;1596;3352
"220140 Barro Duro";3366;3661;7027
"220150 Batalha";13388;13517;26905
"220155 Bela Vista do Piauí";2033;1997;4030
"220157 Belém do Piauí";1837;1750;3587
"220160 Beneditinos";5295;5178;10473
"220170 Bertolínia";2729;2778;5507
"220173 Betânia do Piauí";3234;2976;6210
"220177 Boa Hora";3404;3411;6815
"220180 Bocaina";2211;2294;4505
"220190 Bom Jesus";12750;12637;25387
"220191 Bom Princípio do Piauí";2893;2758;5651
"220192 Bonfim do Piauí";2767;2918;5685
"220194 Boqueirão do Piauí";3208;3218;6426
"220196 Brasileira";4244;4103;8347
"220198 Brejo do Piauí";1952;1896;3848
"220200 Buriti dos Lopes";9789;10018;19807
"220202 Buriti dos Montes";4258;4006;8264
"220205 Cabeceiras do Piauí";5341;5289;10630
"220207 Cajazeiras do Piauí";1786;1787;3573
"220208 Cajueiro da Praia";3934;3740;7674
"220209 Caldeirão Grande do Piauí";2897;2884;5781
"220210 Campinas do Piauí";2729;2891;5620
"220211 Campo Alegre do Fidalgo";2570;2499;5069
"220213 Campo Grande do Piauí";2967;2998;5965
"220217 Campo Largo do Piauí";3680;3631;7311
"220220 Campo Maior";22245;24648;46893
"220225 Canavieira";2002;1942;3944
"220230 Canto do Buriti";10509;10749;21258
"220240 Capitão de Campos";5711;5734;11445
"220245 Capitão Gervásio Oliveira";2110;2004;4114
"220250 Caracol";5553;5411;10964
"220253 Caraúbas do Piauí";2956;2934;5890
"220255 Caridade do Piauí";2621;2464;5085
"220260 Castelo do Piauí";9524;10191;19715
"220265 Caxingó";2774;2677;5451
"220270 Cocal";13980;13865;27845
"220271 Cocal de Telha";2345;2554;4899
"220272 Cocal dos Alves";3092;3076;6168
"220273 Coivaras";2045;1987;4032
"220275 Colônia do Gurguéia";3085;3431;6516
"220277 Colônia do Piauí";3751;3910;7661
"220280 Conceição do Canindé";2414;2393;4807
"220285 Coronel José Dias";2402;2283;4685
"220290 Corrente";13323;13386;26709
"220300 Cristalândia do Piauí";4280;4043;8323
"220310 Cristino Castro";5246;5198;10444
"220320 Curimatá";5695;5731;11426
"220323 Currais";2620;2348;4968
"220327 Curral Novo do Piauí";2760;2607;5367
"220325 Curralinhos";2208;2251;4459
"220330 Demerval Lobão";6655;7185;13840
"220335 Dirceu Arcoverde";3537;3492;7029
"220340 Dom Expedito Lopes";3402;3520;6922
"220345 Dom Inocêncio";4840;4725;9565
"220342 Domingos Mourão";2173;2181;4354
"220350 Elesbão Veloso";7131;7444;14575
"220360 Eliseu Martins";2512;2418;4930
"220370 Esperantina";19587;20261;39848
"220375 Fartura do Piauí";2681;2638;5319
"220380 Flores do Piauí";2243;2219;4462
"220385 Floresta do Piauí";1277;1283;2560
"220390 Floriano";28174;31851;60025
"220400 Francinópolis";2590;2757;5347
"220410 Francisco Ayres";2078;2245;4323
"220415 Francisco Macedo";1576;1624;3200
"220420 Francisco Santos";4731;4641;9372
"220430 Fronteiras";5641;6018;11659
"220435 Geminiano";2751;2709;5460
"220440 Gilbués";5256;5438;10694
"220450 Guadalupe";5288;5209;10497
"220455 Guaribas";2290;2278;4568
"220460 Hugo Napoleão";1869;2010;3879
"220465 Ilha Grande";4760;4697;9457
"220470 Inhuma";7486;7833;15319
"220480 Ipiranga do Piauí";4811;5027;9838
"220490 Isaías Coelho";4273;4293;8566
"220500 Itainópolis";5695;5856;11551
"220510 Itaueira";5530;5498;11028
"220515 Jacobina do Piauí";2849;2880;5729
"220520 Jaicós";9280;9890;19170
"220525 Jardim do Mulato";2253;2260;4513
"220527 Jatobá do Piauí";2485;2390;4875
"220530 Jerumenha";2218;2229;4447
"220535 João Costa";1586;1419;3005
"220540 Joaquim Pires";7303;7073;14376
"220545 Joca Marques";2774;2692;5466
"220550 José de Freitas";19382;19954;39336
"220551 Juazeiro do Piauí";2820;2665;5485
"220552 Júlio Borges";2887;2753;5640
"220553 Jurema";2447;2330;4777
"220555 Lagoa Alegre";4339;4238;8577
"220557 Lagoa de São Francisco";3275;3502;6777
"220556 Lagoa do Barro do Piauí";2376;2280;4656
"220558 Lagoa do Piauí";2060;2015;4075
"220559 Lagoa do Sítio";2597;2601;5198
"220554 Lagoinha do Piauí";1433;1425;2858
"220560 Landri Sales";2603;2680;5283
"220570 Luís Correia";15459;14979;30438
"220580 Luzilândia";12613;12891;25504
"220585 Madeiro";4251;4091;8342
"220590 Manoel Emídio";2760;2591;5351
"220595 Marcolândia";4194;4349;8543
"220600 Marcos Parente";2232;2315;4547
"220605 Massapê do Piauí";3195;3254;6449
"220610 Matias Olímpio";5426;5532;10958
"220620 Miguel Alves";16753;17080;33833
"220630 Miguel Leão";631;611;1242
"220635 Milton Brandão";3250;3358;6608
"220640 Monsenhor Gil";5152;5412;10564
"220650 Monsenhor Hipólito";3825;3942;7767
"220660 Monte Alegre do Piauí";5394;5221;10615
"220665 Morro Cabeça no Tempo";2304;2226;4530
"220667 Morro do Chapéu do Piauí";3393;3418;6811
"220669 Murici dos Portelas";4682;4527;9209
"220670 Nazaré do Piauí";3601;3721;7322
"220672 Nazária";4287;4315;8602
"220675 Nossa Senhora de Nazaré";2466;2425;4891
"220680 Nossa Senhora dos Remédios";4284;4439;8723
"220795 Nova Santa Rita";2201;2182;4383
"220690 Novo Oriente do Piauí";3243;3313;6556
"220695 Novo Santo Antônio";1485;1518;3003
"220700 Oeiras";17516;19569;37085
"220710 Olho D'Água do Piauí";1164;1304;2468
"220720 Padre Marcos";3236;3637;6873
"220730 Paes Landim";2075;2051;4126
"220735 Pajeú do Piauí";1651;1753;3404
"220740 Palmeira do Piauí";2583;2453;5036
"220750 Palmeirais";7049;7538;14587
"220755 Paquetá";2017;1920;3937
"220760 Parnaguá";5723;5096;10819
"220770 Parnaíba";73250;80232;153482
"220775 Passagem Franca do Piauí";2159;2164;4323
"220777 Patos do Piauí";3230;3176;6406
"220779 Pau D'Arco do Piauí";2037;2028;4065
"220780 Paulistana";9760;10794;20554
"220785 Pavussu";1909;1760;3669
"220790 Pedro II";18873;19905;38778
"220793 Pedro Laurentino";1298;1246;2544
"220800 Picos";37156;41275;78431
"220810 Pimenteiras";6127;6012;12139
"220820 Pio IX";9165;9294;18459
"220830 Piracuruca";14105;14769;28874
"220840 Piripiri";30737;33050;63787
"220850 Porto";6247;6361;12608
"220855 Porto Alegre do Piauí";1379;1341;2720
"220860 Prata do Piauí";1560;1590;3150
"220865 Queimada Nova";4488;4529;9017
"220870 Redenção do Gurguéia";4378;4418;8796
"220880 Regeneração";8750;9229;17979
"220885 Riacho Frio";2202;2107;4309
"220887 Ribeira do Piauí";2187;2301;4488
"220890 Ribeiro Gonçalves";3785;3591;7376
"220900 Rio Grande do Piauí";3137;3296;6433
"220910 Santa Cruz do Piauí";3054;3193;6247
"220915 Santa Cruz dos Milagres";1984;2049;4033
"220920 Santa Filomena";3331;2923;6254
"220930 Santa Luz";3039;2843;5882
"220937 Santa Rosa do Piauí";2585;2670;5255
"220935 Santana do Piauí";2243;2399;4642
"220940 Santo Antônio de Lisboa";3135;3306;6441
"220945 Santo Antônio dos Milagres";1064;1102;2166
"220950 Santo Inácio do Piauí";1883;1920;3803
"220955 São Braz do Piauí";2307;2144;4451
"220960 São Félix do Piauí";1415;1517;2932
"220965 São Francisco de Assis do Piauí";2910;2869;5779
"220970 São Francisco do Piauí";3229;3191;6420
"220975 São Gonçalo do Gurguéia";1561;1496;3057
"220980 São Gonçalo do Piauí";2444;2586;5030
"220985 São João da Canabrava";2284;2330;4614
"220987 São João da Fronteira";2993;3071;6064
"220990 São João da Serra";2878;3244;6122
"220995 São João da Varjota";2313;2535;4848
"220997 São João do Arraial";4040;3998;8038
"221000 São João do Piauí";10051;10611;20662
"221005 São José do Divino";2674;2680;5354
"221010 São José do Peixe";1855;1886;3741
"221020 São José do Piauí";3247;3453;6700
"221030 São Julião";3153;3218;6371
"221035 São Lourenço do Piauí";2403;2174;4577
"221037 São Luis do Piauí";1307;1339;2646
"221038 São Miguel da Baixa Grande";1192;1262;2454
"221039 São Miguel do Fidalgo";1548;1490;3038
"221040 São Miguel do Tapuio";8871;8768;17639
"221050 São Pedro do Piauí";7105;7219;14324
"221060 São Raimundo Nonato";17083;17794;34877
"221062 Sebastião Barros";1818;1633;3451
"221063 Sebastião Leal";2215;2088;4303
"221065 Sigefredo Pacheco";5127;4931;10058
"221070 Simões";7254;7395;14649
"221080 Simplício Mendes";6411;6335;12746
"221090 Socorro do Piauí";2273;2290;4563
"221093 Sussuapara";3345;3422;6767
"221095 Tamboril do Piauí";1535;1394;2929
"221097 Tanque do Piauí";1339;1434;2773
"221100 Teresina";400564;467511;868075
"221110 União";22087;22482;44569
"221120 Uruçuí";10585;11070;21655
"221130 Valença do Piauí";9653;11276;20929
"221135 Várzea Branca";2489;2449;4938
"221140 Várzea Grande";2037;2349;4386
"221150 Vera Mendes";1505;1575;3080
"221160 Vila Nova do Piauí";1451;1501;2952
"221170 Wall Ferraz";2242;2229;4471
"230010 Abaiara";5854;5999;11853
"230015 Acarape";7322;7714;15036
"230020 Acaraú";31963;31141;63104
"230030 Acopiara";27264;27217;54481
"230040 Aiuaba";8728;8765;17493
"230050 Alcântaras";5928;5853;11781
"230060 Altaneira";3682;3968;7650
"230070 Alto Santo";8652;8544;17196
"230075 Amontada";22567;21262;43829
"230080 Antonina do Norte";3530;3848;7378
"230090 Apuiarés";7418;7254;14672
"230100 Aquiraz";40783;40152;80935
"230110 Aracati";36964;38011;74975
"230120 Aracoiaba";13202;13333;26535
"230125 Ararendá";5447;5512;10959
"230130 Araripe";10710;10944;21654
"230140 Aratuba";5829;5973;11802
"230150 Arneiroz";3964;3880;7844
"230160 Assaré";11578;11900;23478
"230170 Aurora";12214;12396;24610
"230180 Baixio";3162;3141;6303
"230185 Banabuiú";9018;9238;18256
"230190 Barbalha";29510;31718;61228
"230195 Barreira";11134;11439;22573
"230200 Barro";11326;11432;22758
"230205 Barroquinha";7539;7505;15044
"230210 Baturité";17329;18612;35941
"230220 Beberibe";26994;26955;53949
"230230 Bela Cruz";16496;16226;32722
"230240 Boa Viagem";27174;27403;54577
"230250 Brejo Santo";24211;25631;49842
"230260 Camocim";31363;32544;63907
"230270 Campos Sales";13273;14197;27470
"230280 Canindé";37736;39508;77244
"230290 Capistrano";8843;8943;17786
"230300 Caridade";11222;11560;22782
"230310 Cariré";9095;9364;18459
"230320 Caririaçu";12957;14030;26987
"230330 Cariús";9370;9329;18699
"230340 Carnaubal";8798;8887;17685
"230350 Cascavel";35585;36647;72232
"230360 Catarina";10510;10361;20871
"230365 Catunda";5222;5154;10376
"230370 Caucaia";177547;187665;365212
"230380 Cedro";12601;12984;25585
"230390 Chaval";6351;6740;13091
"230393 Choró";6813;6752;13565
"230395 Chorozinho";10241;10033;20274
"230400 Coreaú";11604;11635;23239
"230410 Crateús";36606;38553;75159
"230420 Crato";63125;69906;133031
"230423 Croatá";8800;9333;18133
"230425 Cruz";12236;12741;24977
"230426 Deputado Irapuan Pinheiro";4751;4911;9662
"230427 Ererê";3639;3586;7225
"230428 Eusébio";26833;27504;54337
"230430 Farias Brito";9519;9870;19389
"230435 Forquilha";12053;12399;24452
"230440 Fortaleza";1252593;1434019;2686612
"230445 Fortim";8292;8339;16631
"230450 Frecheirinha";6962;7172;14134
"230460 General Sampaio";3878;3816;7694
"230465 Graça";7119;7288;14407
"230470 Granja";27814;27148;54962
"230480 Granjeiro";2298;2516;4814
"230490 Groaíras";5498;5646;11144
"230495 Guaiúba";13144;13146;26290
"230500 Guaraciaba do Norte";20090;20694;40784
"230510 Guaramiranga";2590;2542;5132
"230520 Hidrolândia";10035;10018;20053
"230523 Horizonte";33899;34630;68529
"230526 Ibaretama";6906;6463;13369
"230530 Ibiapina";12512;12570;25082
"230533 Ibicuitinga";6490;6139;12629
"230535 Icapuí";10169;9891;20060
"230540 Icó";33012;35150;68162
"230550 Iguatu";49189;53885;103074
"230560 Independência";12947;13240;26187
"230565 Ipaporanga";5835;5761;11596
"230570 Ipaumirim";6251;6234;12485
"230580 Ipu";20870;21188;42058
"230590 Ipueiras";18574;19540;38114
"230600 Iracema";7078;7248;14326
"230610 Irauçuba";12301;12004;24305
"230620 Itaiçaba";3889;3977;7866
"230625 Itaitinga";19763;18562;38325
"230630 Itapagé";26207;26860;53067
"230640 Itapipoca";65091;65448;130539
"230650 Itapiúna";10375;10145;20520
"230655 Itarema";21561;20654;42215
"230660 Itatira";10967;10869;21836
"230670 Jaguaretama";9239;8908;18147
"230680 Jaguaribara";5640;5852;11492
"230690 Jaguaribe";16689;17947;34636
"230700 Jaguaruana";16845;16989;33834
"230710 Jardim";13276;13905;27181
"230720 Jati";4106;4024;8130
"230725 Jijoca de Jericoacoara";10003;10084;20087
"230730 Juazeiro do Norte";130922;145342;276264
"230740 Jucás";12309;12583;24892
"230750 Lavras da Mangabeira";15840;15652;31492
"230760 Limoeiro do Norte";29051;30839;59890
"230763 Madalena";9853;10011;19864
"230765 Maracanaú";110708;118750;229458
"230770 Maranguape";65050;65296;130346
"230780 Marco";14043;13552;27595
"230790 Martinópole";5599;5722;11321
"230800 Massapê";19408;19636;39044
"230810 Mauriti";24195;23973;48168
"230820 Meruoca";7639;7546;15185
"230830 Milagres";13432;14030;27462
"230835 Milhã";6470;6672;13142
"230837 Miraíma";7125;6769;13894
"230840 Missão Velha";17468;18012;35480
"230850 Mombaça";21779;22079;43858
"230860 Monsenhor Tabosa";8455;8794;17249
"230870 Morada Nova";30557;31181;61738
"230880 Moraújo";4463;4316;8779
"230890 Morrinhos";11337;11348;22685
"230900 Mucambo";6877;7672;14549
"230910 Mulungu";5486;5455;10941
"230920 Nova Olinda";7720;7964;15684
"230930 Nova Russas";15807;16601;32408
"230940 Novo Oriente";14230;14443;28673
"230945 Ocara";13083;12750;25833
"230950 Orós";10360;11024;21384
"230960 Pacajus";35785;37403;73188
"230970 Pacatuba";41711;42843;84554
"230980 Pacoti";6089;6199;12288
"230990 Pacujá";3216;3333;6549
"231000 Palhano";4797;4625;9422
"231010 Palmácia";6648;6791;13439
"231020 Paracuru";17636;17668;35304
"231025 Paraipaba";16581;16411;32992
"231030 Parambu";15213;16242;31455
"231040 Paramoti";6278;5974;12252
"231050 Pedra Branca";21337;21972;43309
"231060 Penaforte";4531;4612;9143
"231070 Pentecoste";18990;18910;37900
"231080 Pereiro";8094;8237;16331
"231085 Pindoretama";10217;10552;20769
"231090 Piquet Carneiro";8620;8466;17086
"231095 Pires Ferreira";5539;5462;11001
"231100 Poranga";6151;6196;12347
"231110 Porteiras";7285;7673;14958
"231120 Potengi";5359;5747;11106
"231123 Potiretama";3311;3126;6437
"231126 Quiterianópolis";10284;10882;21166
"231130 Quixadá";43557;44764;88321
"231135 Quixelô";8065;8082;16147
"231140 Quixeramobim";40230;41548;81778
"231150 Quixeré";11150;11143;22293
"231160 Redenção";14360;14786;29146
"231170 Reriutaba";9127;9258;18385
"231180 Russas";38729;40153;78882
"231190 Saboeiro";7861;7927;15788
"231195 Salitre";8248;8387;16635
"231220 Santa Quitéria";21844;21867;43711
"231200 Santana do Acaraú";16457;16197;32654
"231210 Santana do Cariri";8865;8847;17712
"231230 São Benedito";23669;24462;48131
"231240 São Gonçalo do Amarante";24546;24323;48869
"231250 São João do Jaguaribe";3681;3920;7601
"231260 São Luís do Curu";6456;6588;13044
"231270 Senador Pompeu";12584;12872;25456
"231280 Senador Sá";3774;3917;7691
"231290 Sobral";102335;108376;210711
"231300 Solonópole";9038;9319;18357
"231310 Tabuleiro do Norte";14843;15964;30807
"231320 Tamboril";12952;13273;26225
"231325 Tarrafas";4243;4330;8573
"231330 Tauá";28783;30279;59062
"231335 Tejuçuoca";9763;9608;19371
"231340 Tianguá";38022;38515;76537
"231350 Trairi";28706;27585;56291
"231355 Tururu";8594;7837;16431
"231360 Ubajara";17182;17865;35047
"231370 Umari";3879;3857;7736
"231375 Umirim";10185;9718;19903
"231380 Uruburetama";11038;11002;22040
"231390 Uruoca";6978;6937;13915
"231395 Varjota";9143;9328;18471
"231400 Várzea Alegre";19689;21214;40903
"231410 Viçosa do Ceará";30586;30824;61410
"240010 Acari";5400;5721;11121
"240020 Açu";28614;29770;58384
"240030 Afonso Bezerra";5582;5447;11029
"240040 Água Nova";1624;1648;3272
"240050 Alexandria";6584;6969;13553
"240060 Almino Afonso";2456;2254;4710
"240070 Alto do Rodrigues";7257;7471;14728
"240080 Angicos";5753;5952;11705
"240090 Antônio Martins";3594;3560;7154
"240100 Apodi";17760;18114;35874
"240110 Areia Branca";13470;14497;27967
"240120 Arês";7009;7408;14417
"240130 Augusto Severo";4916;4754;9670
"240140 Baía Formosa";4680;4642;9322
"240145 Baraúna";14543;14204;28747
"240150 Barcelona";2026;1968;3994
"240160 Bento Fernandes";2798;2727;5525
"240165 Bodó";1138;1059;2197
"240170 Bom Jesus";5121;5146;10267
"240180 Brejinho";6382;6405;12787
"240185 Caiçara do Norte";3410;3151;6561
"240190 Caiçara do Rio do Vento";1806;1909;3715
"240200 Caicó";33208;35135;68343
"240210 Campo Redondo";5636;5655;11291
"240220 Canguaretama";17254;17294;34548
"240230 Caraúbas";9935;10606;20541
"240240 Carnaúba dos Dantas";4137;4102;8239
"240250 Carnaubais";5521;5346;10867
"240260 Ceará-Mirim";36243;37643;73886
"240270 Cerro Corá";5600;5581;11181
"240280 Coronel Ezequiel";2824;2680;5504
"240290 Coronel João Pessoa";2440;2475;4915
"240300 Cruzeta";3920;4063;7983
"240310 Currais Novos";21342;23563;44905
"240320 Doutor Severiano";3464;3608;7072
"240330 Encanto";2803;2865;5668
"240340 Equador";3013;3041;6054
"240350 Espírito Santo";5220;5264;10484
"240360 Extremoz";14392;14544;28936
"240370 Felipe Guerra";2976;3021;5997
"240375 Fernando Pedroza";1578;1489;3067
"240380 Florânia";4592;4519;9111
"240390 Francisco Dantas";1424;1389;2813
"240400 Frutuoso Gomes";1970;2071;4041
"240410 Galinhos";1446;1399;2845
"240420 Goianinha";13190;13479;26669
"240430 Governador Dix-Sept Rosado";6658;6418;13076
"240440 Grossos";5358;5105;10463
"240450 Guamaré";7961;8002;15963
"240460 Ielmo Marinho";7167;6734;13901
"240470 Ipanguaçu";7836;7790;15626
"240480 Ipueira";1089;1164;2253
"240485 Itajá";3879;3716;7595
"240490 Itaú";2913;2984;5897
"240500 Jaçanã";4579;4659;9238
"240510 Jandaíra";3540;3353;6893
"240520 Janduís";2573;2675;5248
"240530 Januário Cicco";5304;4971;10275
"240540 Japi";2529;2466;4995
"240550 Jardim de Angicos";1328;1278;2606
"240560 Jardim de Piranhas";7400;7542;14942
"240570 Jardim do Seridó";5986;6410;12396
"240580 João Câmara";17456;17704;35160
"240590 João Dias";1295;1359;2654
"240600 José da Penha";2832;3114;5946
"240610 Jucurutu";9151;9164;18315
"240615 Jundiá";2015;1907;3922
"240620 Lagoa d'Anta";3385;3426;6811
"240630 Lagoa de Pedras";3854;3730;7584
"240640 Lagoa de Velhos";1390;1342;2732
"240650 Lagoa Nova";7724;8025;15749
"240660 Lagoa Salgada";4112;4185;8297
"240670 Lajes";5660;5684;11344
"240680 Lajes Pintadas";2408;2355;4763
"240690 Lucrécia";2046;1979;4025
"240700 Luís Gomes";4999;5147;10146
"240710 Macaíba";40478;41343;81821
"240720 Macau";15697;16342;32039
"240725 Major Sales";2044;2018;4062
"240730 Marcelino Vieira";4127;4209;8336
"240740 Martins";4356;4402;8758
"240750 Maxaranguape";6401;6143;12544
"240760 Messias Targino";2331;2303;4634
"240770 Montanhas";5461;5747;11208
"240780 Monte Alegre";11052;11524;22576
"240790 Monte das Gameleiras";1048;1036;2084
"240800 Mossoró";146119;154499;300618
"240810 Natal";418200;472280;890480
"240820 Nísia Floresta";14547;13391;27938
"240830 Nova Cruz";18552;18898;37450
"240840 Olho-d'Água do Borges";2193;2051;4244
"240850 Ouro Branco";2386;2427;4813
"240860 Paraná";2163;2113;4276
"240870 Paraú";1859;1891;3750
"240880 Parazinho";2605;2667;5272
"240890 Parelhas";10510;11035;21545
"240325 Parnamirim";126428;140608;267036
"240910 Passa e Fica";6677;6797;13474
"240920 Passagem";1522;1580;3102
"240930 Patu";6333;6476;12809
"240940 Pau dos Ferros";14954;15646;30600
"240950 Pedra Grande";1577;1622;3199
"240960 Pedra Preta";1232;1206;2438
"240970 Pedro Avelino";3464;3189;6653
"240980 Pedro Velho";7467;7377;14844
"240990 Pendências";7635;7637;15272
"241000 Pilões";1925;1944;3869
"241010 Poço Branco";7822;7709;15531
"241020 Portalegre";3847;4059;7906
"241025 Porto do Mangue";3404;3118;6522
"241040 Pureza";4941;4783;9724
"241050 Rafael Fernandes";2538;2590;5128
"241060 Rafael Godeiro";1588;1620;3208
"241070 Riacho da Cruz";1817;1797;3614
"241080 Riacho de Santana";2109;2090;4199
"241090 Riachuelo";4125;4095;8220
"240895 Rio do Fogo";5581;5324;10905
"241100 Rodolfo Fernandes";2171;2291;4462
"241110 Ruy Barbosa";1856;1736;3592
"241120 Santa Cruz";19530;20458;39988
"240933 Santa Maria";2838;2783;5621
"241140 Santana do Matos";6248;6383;12631
"241142 Santana do Seridó";1363;1326;2689
"241150 Santo Antônio";12087;12193;24280
"241160 São Bento do Norte";1364;1353;2717
"241170 São Bento do Trairí";2226;2269;4495
"241180 São Fernando";1841;1754;3595
"241190 São Francisco do Oeste";2140;2115;4255
"241200 São Gonçalo do Amarante";51047;52625;103672
"241210 São João do Sabugi";3035;3172;6207
"241220 São José de Mipibu";22048;22188;44236
"241230 São José do Campestre";6418;6461;12879
"241240 São José do Seridó";2363;2302;4665
"241250 São Miguel";11375;12280;23655
"241255 São Miguel do Gostoso";5313;5049;10362
"241260 São Paulo do Potengi";8742;8978;17720
"241270 São Pedro";3020;2910;5930
"241280 São Rafael";4189;4003;8192
"241290 São Tomé";5540;5513;11053
"241300 São Vicente";3122;3328;6450
"241310 Senador Elói de Souza";3066;3061;6127
"241320 Senador Georgino Avelino";2221;2263;4484
"241030 Serra Caiada";5352;5170;10522
"241330 Serra de São Bento";2890;2861;5751
"241335 Serra do Mel";6293;5790;12083
"241340 Serra Negra do Norte";4055;4037;8092
"241350 Serrinha";3256;2922;6178
"241355 Serrinha dos Pintos";2401;2415;4816
"241360 Severiano Melo";1016;1072;2088
"241370 Sítio Novo";2841;2720;5561
"241380 Taboleiro Grande";1312;1274;2586
"241390 Taipu";6318;5979;12297
"241400 Tangará";7914;7955;15869
"241410 Tenente Ananias";5577;5278;10855
"241415 Tenente Laurentino Cruz";2956;3063;6019
"241105 Tibau";2070;2070;4140
"241420 Tibau do Sul";7178;7262;14440
"241430 Timbaúba dos Batistas";1188;1233;2421
"241440 Touros";17291;16212;33503
"241445 Triunfo Potiguar";1681;1535;3216
"241450 Umarizal";5134;5386;10520
"241460 Upanema";7575;7225;14800
"241470 Várzea";2774;2741;5515
"241475 Venha-Ver";2163;2042;4205
"241480 Vera Cruz";6248;6389;12637
"241490 Viçosa";837;888;1725
"241500 Vila Flor";1641;1553;3194
"250010 Água Branca";5218;5088;10306
"250020 Aguiar";2755;2875;5630
"250030 Alagoa Grande";13829;14610;28439
"250040 Alagoa Nova";10319;10602;20921
"250050 Alagoinha";7160;7400;14560
"250053 Alcantil";2771;2738;5509
"250057 Algodão de Jandaíra";1341;1236;2577
"250060 Alhandra";9525;10202;19727
"250073 Amparo";1112;1139;2251
"250077 Aparecida";4190;4226;8416
"250080 Araçagi";8374;8547;16921
"250090 Arara";6501;7041;13542
"250100 Araruna";9984;10479;20463
"250110 Areia";11067;11589;22656
"250115 Areia de Baraúnas";1071;1045;2116
"250120 Areial";3331;3696;7027
"250130 Aroeiras";9174;9942;19116
"250135 Assunção";2010;2019;4029
"250140 Baía da Traição";4543;4553;9096
"250150 Bananeiras";10491;10778;21269
"250153 Baraúna";2452;2512;4964
"250160 Barra de Santa Rosa";7737;7760;15497
"250157 Barra de Santana";4210;4139;8349
"250170 Barra de São Miguel";3225;2840;6065
"250180 Bayeux";46015;51188;97203
"250190 Belém";8599;9106;17705
"250200 Belém do Brejo do Cruz";3703;3646;7349
"250205 Bernardino Batista";1733;1803;3536
"250210 Boa Ventura";2695;2612;5307
"250215 Boa Vista";3496;3640;7136
"250220 Bom Jesus";1273;1302;2575
"250230 Bom Sucesso";2445;2511;4956
"250240 Bonito de Santa Fé";5989;6033;12022
"250250 Boqueirão";8841;9029;17870
"250270 Borborema";2643;2644;5287
"250280 Brejo do Cruz";6971;7235;14206
"250290 Brejo dos Santos";3205;3259;6464
"250300 Caaporã";10724;11231;21955
"250310 Cabaceiras";2835;2826;5661
"250320 Cabedelo";32365;36402;68767
"250330 Cachoeira dos Índios";5201;5104;10305
"250340 Cacimba de Areia";1832;1863;3695
"250350 Cacimba de Dentro";8503;8675;17178
"250355 Cacimbas";3444;3755;7199
"250360 Caiçara";3617;3574;7191
"250370 Cajazeiras";29898;32391;62289
"250375 Cajazeirinhas";1652;1553;3205
"250380 Caldas Brandão";3043;3003;6046
"250390 Camalaú";2967;3064;6031
"250400 Campina Grande";194000;217807;411807
"250403 Capim";3257;3363;6620
"250407 Caraúbas";2119;2066;4185
"250410 Carrapateira";1433;1254;2687
"250415 Casserengue";3741;3758;7499
"250420 Catingueira";2485;2450;4935
"250430 Catolé do Rocha";14923;15761;30684
"250435 Caturité";2505;2370;4875
"250440 Conceição";9476;9531;19007
"250450 Condado";3241;3417;6658
"250460 Conde";12464;12546;25010
"250470 Congo";2388;2399;4787
"250480 Coremas";7595;7846;15441
"250485 Coxixola";993;942;1935
"250490 Cruz do Espírito Santo";8560;8901;17461
"250500 Cubati";3901;3931;7832
"250510 Cuité";9979;10355;20334
"250523 Cuité de Mamanguape";3125;3231;6356
"250520 Cuitegi";3296;3479;6775
"250527 Curral de Cima";2630;2588;5218
"250530 Curral Velho";1288;1224;2512
"250535 Damião";2703;2667;5370
"250540 Desterro";4015;4300;8315
"250560 Diamante";3310;3218;6528
"250570 Dona Inês";5249;5164;10413
"250580 Duas Estradas";1788;1794;3582
"250590 Emas";1772;1767;3539
"250600 Esperança";16153;17046;33199
"250610 Fagundes";5594;5621;11215
"250620 Frei Martinho";1478;1511;2989
"250625 Gado Bravo";4025;4278;8303
"250630 Guarabira";28640;30475;59115
"250640 Gurinhém";7034;7093;14127
"250650 Gurjão";1693;1760;3453
"250660 Ibiara";2957;2946;5903
"250260 Igaracy";3000;3105;6105
"250670 Imaculada";6022;5826;11848
"250680 Ingá";8712;9432;18144
"250690 Itabaiana";11863;12556;24419
"250700 Itaporanga";12196;12632;24828
"250710 Itapororoca";9478;9345;18823
"250720 Itatuba";5498;5518;11016
"250730 Jacaraú";7067;7383;14450
"250740 Jericó";3787;3958;7745
"250750 João Pessoa";379648;437863;817511
"251365 Joca Claudino";1262;1377;2639
"250760 Juarez Távora";3926;4050;7976
"250770 Juazeirinho";9136;9162;18298
"250780 Junco do Seridó";3582;3613;7195
"250790 Juripiranga";5384;5409;10793
"250800 Juru";4967;4882;9849
"250810 Lagoa";2288;2365;4653
"250820 Lagoa de Dentro";3808;3929;7737
"250830 Lagoa Seca";13480;14137;27617
"250840 Lastro";1365;1353;2718
"250850 Livramento";3588;3677;7265
"250855 Logradouro";2184;2185;4369
"250860 Lucena";6488;6726;13214
"250870 Mãe d'Água";1976;2023;3999
"250880 Malta";2757;2995;5752
"250890 Mamanguape";22076;23060;45136
"250900 Manaíra";5507;5465;10972
"250905 Marcação";4390;4263;8653
"250910 Mari";10726;11140;21866
"250915 Marizópolis";3231;3423;6654
"250920 Massaranduba";6810;7188;13998
"250930 Mataraca";4207;4332;8539
"250933 Matinhas";2214;2301;4515
"250937 Mato Grosso";1473;1453;2926
"250939 Maturéia";3239;3391;6630
"250940 Mogeiro";6382;6879;13261
"250950 Montadas";2851;2887;5738
"250960 Monte Horebe";2423;2419;4842
"250970 Monteiro";16074;17359;33433
"250980 Mulungu";4875;5057;9932
"250990 Natuba";5175;5276;10451
"251000 Nazarezinho";3612;3674;7286
"251010 Nova Floresta";5162;5464;10626
"251020 Nova Olinda";2959;2961;5920
"251030 Nova Palmeira";2474;2485;4959
"251040 Olho d'Água";3153;3309;6462
"251050 Olivedos";2012;1949;3961
"251060 Ouro Velho";1536;1510;3046
"251065 Parari";892;866;1758
"251070 Passagem";1187;1249;2436
"251080 Patos";51326;56866;108192
"251090 Paulista";6119;6260;12379
"251100 Pedra Branca";1885;1917;3802
"251110 Pedra Lavrada";3868;4031;7899
"251120 Pedras de Fogo";14041;14492;28533
"251272 Pedro Régis";3039;3075;6114
"251130 Piancó";7763;8348;16111
"251140 Picuí";9218;9502;18720
"251150 Pilar";5888;6089;11977
"251160 Pilões";3278;3298;6576
"251170 Pilõezinhos";2406;2549;4955
"251180 Pirpirituba";5338;5246;10584
"251190 Pitimbu";9633;9642;19275
"251200 Pocinhos";9265;9443;18708
"251203 Poço Dantas";1959;1923;3882
"251207 Poço de José de Moura";2046;2291;4337
"251210 Pombal";15714;17088;32802
"251220 Prata";2101;2137;4238
"251230 Princesa Isabel";11673;11876;23549
"251240 Puxinanã";6690;7051;13741
"251250 Queimadas";21413;22766;44179
"251260 Quixabá";1034;949;1983
"251270 Remígio";9489;10309;19798
"251274 Riachão";1716;1903;3619
"251275 Riachão do Bacamarte";2225;2316;4541
"251276 Riachão do Poço";2295;2245;4540
"251278 Riacho de Santo Antônio";984;990;1974
"251280 Riacho dos Cavalos";4360;4181;8541
"251290 Rio Tinto";11901;12317;24218
"251300 Salgadinho";2011;1920;3931
"251310 Salgado de São Félix";5902;6229;12131
"251315 Santa Cecília";3323;3218;6541
"251320 Santa Cruz";3353;3228;6581
"251330 Santa Helena";2915;2956;5871
"251335 Santa Inês";1862;1731;3593
"251340 Santa Luzia";7440;7986;15426
"251370 Santa Rita";65734;71615;137349
"251380 Santa Teresinha";2203;2359;4562
"251350 Santana de Mangueira";2581;2548;5129
"251360 Santana dos Garrotes";3382;3604;6986
"251385 Santo André";1272;1237;2509
"251392 São Bentinho";2199;2367;4566
"251390 São Bento";16908;17436;34344
"251396 São Domingos";1537;1560;3097
"251394 São Domingos do Cariri";1312;1318;2630
"251398 São Francisco";1643;1741;3384
"251400 São João do Cariri";2043;2141;4184
"250070 São João do Rio do Peixe";8780;9246;18026
"251410 São João do Tigre";2289;2126;4415
"251420 São José da Lagoa Tapada";3714;3912;7626
"251430 São José de Caiana";3300;3076;6376
"251440 São José de Espinharas";2419;2237;4656
"251450 São José de Piranhas";10155;10174;20329
"251455 São José de Princesa";1998;1952;3950
"251460 São José do Bonfim";1816;1772;3588
"251465 São José do Brejo do Cruz";914;897;1811
"251470 São José do Sabugi";2096;2051;4147
"251480 São José dos Cordeiros";1783;1835;3618
"251445 São José dos Ramos";2944;3054;5998
"251490 São Mamede";3775;3927;7702
"251500 São Miguel de Taipu";3646;3764;7410
"251510 São Sebastião de Lagoa de Roça";5768;5960;11728
"251520 São Sebastião do Umbuzeiro";1732;1780;3512
"251540 São Vicente do Seridó";5583;5265;10848
"251530 Sapé";25809;26995;52804
"251550 Serra Branca";6713;7041;13754
"251560 Serra da Raiz";1566;1565;3131
"251570 Serra Grande";1472;1444;2916
"251580 Serra Redonda";3345;3676;7021
"251590 Serraria";3014;3054;6068
"251593 Sertãozinho";2457;2632;5089
"251597 Sobrado";3833;3982;7815
"251600 Solânea";12464;13763;26227
"251610 Soledade";7472;7630;15102
"251615 Sossêgo";1784;1810;3594
"251620 Sousa";33706;36017;69723
"251630 Sumé";8410;8621;17031
"251640 Tacima";5499;5470;10969
"251650 Taperoá";7652;7789;15441
"251660 Tavares";7436;7323;14759
"251670 Teixeira";7524;7724;15248
"251675 Tenório";1602;1479;3081
"251680 Triunfo";4703;4761;9464
"251690 Uiraúna";7400;7900;15300
"251700 Umbuzeiro";4864;5047;9911
"251710 Várzea";1427;1414;2841
"251720 Vieirópolis";2695;2677;5372
"250550 Vista Serrana";1990;1834;3824
"251740 Zabelê";1116;1139;2255
"260005 Abreu e Lima";47458;52892;100350
"260010 Afogados da Ingazeira";17837;19567;37404
"260020 Afrânio";9812;9998;19810
"260030 Agrestina";12055;13010;25065
"260040 Água Preta";18610;18472;37082
"260050 Águas Belas";21535;22151;43686
"260060 Alagoinha";7488;7230;14718
"260070 Aliança";18957;19440;38397
"260080 Altinho";11366;11618;22984
"260090 Amaraji";11403;11467;22870
"260100 Angelim";5561;5665;11226
"260105 Araçoiaba";10300;10433;20733
"260110 Araripina";41740;43124;84864
"260120 Arcoverde";35156;39666;74822
"260130 Barra de Guabiraba";7509;7001;14510
"260140 Barreiros";20800;21964;42764
"260150 Belém de Maria";5929;6193;12122
"260160 Belém do São Francisco";10374;10356;20730
"260170 Belo Jardim";36685;40002;76687
"260180 Betânia";6466;6299;12765
"260190 Bezerros";29038;31842;60880
"260200 Bodocó";19221;19157;38378
"260210 Bom Conselho";23790;24977;48767
"260220 Bom Jardim";19142;20094;39236
"260230 Bonito";18669;19448;38117
"260240 Brejão";4386;4601;8987
"260250 Brejinho";3721;3767;7488
"260260 Brejo da Madre de Deus";25114;26111;51225
"260270 Buenos Aires";6558;6632;13190
"260280 Buíque";28980;29939;58919
"260290 Cabo de Santo Agostinho";102737;106207;208944
"260300 Cabrobó";16919;17584;34503
"260310 Cachoeirinha";9957;10544;20501
"260320 Caetés";14484;14420;28904
"260330 Calçado";5554;5464;11018
"260340 Calumbi";2751;2996;5747
"260345 Camaragibe";75050;83849;158899
"260350 Camocim de São Félix";9258;9642;18900
"260360 Camutanga";4326;4246;8572
"260370 Canhotinho";12580;12193;24773
"260380 Capoeiras";10012;10036;20048
"260390 Carnaíba";9676;9933;19609
"260392 Carnaubeira da Penha";6648;6377;13025
"260400 Carpina";39847;44548;84395
"260410 Caruaru";173508;191770;365278
"260415 Casinhas";7138;7230;14368
"260420 Catende";21105;22235;43340
"260430 Cedro";5939;5952;11891
"260440 Chã de Alegria";6570;7036;13606
"260450 Chã Grande";10703;11112;21815
"260460 Condado";12837;13753;26590
"260470 Correntes";9069;9199;18268
"260480 Cortês";6323;6237;12560
"260490 Cumaru";5011;5181;10192
"260500 Cupira";11453;12720;24173
"260510 Custódia";18557;18818;37375
"260515 Dormentes";9800;9279;19079
"260520 Escada";34017;35275;69292
"260530 Exu";15482;16284;31766
"260540 Feira Nova";10725;11522;22247
"260545 Fernando de Noronha";1466;1635;3101
"260550 Ferreiros";5947;6223;12170
"260560 Flores";11228;11390;22618
"260570 Floresta";16485;16699;33184
"260580 Frei Miguelinho";7660;7886;15546
"260590 Gameleira";15835;15483;31318
"260600 Garanhuns";66389;74188;140577
"260610 Glória do Goitá";14972;15729;30701
"260620 Goiana";38305;41750;80055
"260630 Granito";3847;3690;7537
"260640 Gravatá";40721;43978;84699
"260650 Iati";9604;9637;19241
"260660 Ibimirim";14723;14689;29412
"260670 Ibirajuba";3904;3864;7768
"260680 Igarassu";56631;61739;118370
"260690 Iguaracy";6175;6072;12247
"260760 Ilha de Itamaracá";15767;10905;26672
"260700 Inajá";12038;11607;23645
"260710 Ingazeira";2342;2201;4543
"260720 Ipojuca";48509;49160;97669
"260730 Ipubi";15505;15682;31187
"260740 Itacuruba";2464;2502;4966
"260750 Itaíba";13076;13232;26308
"260765 Itambé";17938;18533;36471
"260770 Itapetim";6706;6847;13553
"260775 Itapissuma";13978;12922;26900
"260780 Itaquitinga";8494;8512;17006
"260790 Jaboatão dos Guararapes";331091;375776;706867
"260795 Jaqueira";5746;5898;11644
"260800 Jataúba";8617;8611;17228
"260805 Jatobá";7263;7587;14850
"260810 João Alfredo";16483;17592;34075
"260820 Joaquim Nabuco";8040;7971;16011
"260825 Jucati";5754;5731;11485
"260830 Jupi";7365;7557;14922
"260840 Jurema";7584;7847;15431
"260850 Lagoa de Itaenga";10283;11177;21460
"260845 Lagoa do Carro";8790;9462;18252
"260860 Lagoa do Ouro";6462;6762;13224
"260870 Lagoa dos Gatos";8187;8131;16318
"260875 Lagoa Grande";12730;13119;25849
"260880 Lajedo";19294;21295;40589
"260890 Limoeiro";27636;28562;56198
"260900 Macaparana";12479;12993;25472
"260910 Machados";7885;8436;16321
"260915 Manari";11185;10591;21776
"260920 Maraial";5618;5602;11220
"260930 Mirandiba";7739;7731;15470
"261430 Moreilândia";5638;5632;11270
"260940 Moreno";30659;32635;63294
"260950 Nazaré da Mata";15366;17207;32573
"260960 Olinda";179952;213163;393115
"260970 Orobó";11673;12262;23935
"260980 Orocó";7565;7587;15152
"260990 Ouricuri";34349;35620;69969
"261000 Palmares";31042;32458;63500
"261010 Palmeirina";3741;3859;7600
"261020 Panelas";12821;13635;26456
"261030 Paranatama";5744;5822;11566
"261040 Parnamirim";11346;10760;22106
"261050 Passira";14054;14840;28894
"261060 Paudalho";27656;29273;56929
"261070 Paulista";155854;178522;334376
"261080 Pedra";11427;11241;22668
"261090 Pesqueira";33264;34471;67735
"261100 Petrolândia";18121;18780;36901
"261110 Petrolina";172990;181327;354317
"261120 Poção";5460;5845;11305
"261130 Pombos";13352;13796;27148
"261140 Primavera";7732;7369;15101
"261150 Quipapá";12942;13233;26175
"261153 Quixaba";3350;3455;6805
"261160 Recife";757768;895693;1653461
"261170 Riacho das Almas";10213;10433;20646
"261180 Ribeirão";23306;24310;47616
"261190 Rio Formoso";11799;11829;23628
"261200 Sairé";4742;5022;9764
"261210 Salgadinho";5684;5384;11068
"261220 Salgueiro";30172;31077;61249
"261230 Saloá";7599;8263;15862
"261240 Sanharó";13259;13631;26890
"261245 Santa Cruz";7778;7780;15558
"261247 Santa Cruz da Baixa Verde";6295;6355;12650
"261250 Santa Cruz do Capibaribe";53769;56128;109897
"261255 Santa Filomena";7339;7223;14562
"261260 Santa Maria da Boa Vista";21252;20848;42100
"261270 Santa Maria do Cambucá";7121;7102;14223
"261280 Santa Terezinha";5895;5970;11865
"261290 São Benedito do Sul";8181;7888;16069
"261300 São Bento do Una";30018;30024;60042
"261310 São Caitano";18336;19032;37368
"261320 São João";11192;11707;22899
"261330 São Joaquim do Monte";10566;10832;21398
"261340 São José da Coroa Grande";10364;11222;21586
"261350 São José do Belmonte";17022;16999;34021
"261360 São José do Egito";16718;17392;34110
"261370 São Lourenço da Mata";55073;59006;114079
"261380 São Vicente Ferrer";8901;9184;18085
"261390 Serra Talhada";41796;45119;86915
"261400 Serrita";9702;9494;19196
"261410 Sertânia";17732;18318;36050
"261420 Sirinhaém";23464;22897;46361
"261440 Solidão";3130;2891;6021
"261450 Surubim";31366;34281;65647
"261460 Tabira";14135;14559;28694
"261470 Tacaimbó";6329;6530;12859
"261480 Tacaratu";13321;12785;26106
"261485 Tamandaré";11686;11937;23623
"261500 Taquaritinga do Norte";14524;14603;29127
"261510 Terezinha";3543;3655;7198
"261520 Terra Nova";5243;4963;10206
"261530 Timbaúba";25289;27513;52802
"261540 Toritama";22695;23469;46164
"261550 Tracunhaém";6671;7142;13813
"261560 Trindade";15348;15468;30816
"261570 Triunfo";7316;7927;15243
"261580 Tupanatinga";13836;13715;27551
"261590 Tuparetama";4002;4210;8212
"261600 Venturosa";9255;9406;18661
"261610 Verdejante";4714;4839;9553
"261618 Vertente do Lério";3746;3825;7571
"261620 Vertentes";10293;10661;20954
"261630 Vicência";16026;16746;32772
"261640 Vitória de Santo Antão";66554;73029;139583
"261650 Xexéu";7234;7523;14757
"270010 Água Branca";10138;10092;20230
"270020 Anadia";8399;9127;17526
"270030 Arapiraca";110273;122774;233047
"270040 Atalaia";23412;23953;47365
"270050 Barra de Santo Antônio";7838;8230;16068
"270060 Barra de São Miguel";4139;4239;8378
"270070 Batalha";8951;9387;18338
"270080 Belém";2083;2201;4284
"270090 Belo Monte";3369;3341;6710
"270100 Boca da Mata";13221;14135;27356
"270110 Branquinha";5240;5220;10460
"270120 Cacimbinhas";5392;5497;10889
"270130 Cajueiro";10424;10907;21331
"270135 Campestre";3453;3501;6954
"270140 Campo Alegre";28591;28946;57537
"270150 Campo Grande";4693;4874;9567
"270160 Canapi";8946;8773;17719
"270170 Capela";8318;8661;16979
"270180 Carneiros";4472;4687;9159
"270190 Chã Preta";3710;3601;7311
"270200 Coité do Nóia";5187;5456;10643
"270210 Colônia Leopoldina";10933;10885;21818
"270220 Coqueiro Seco";2875;2989;5864
"270230 Coruripe";27797;29497;57294
"270235 Craíbas";11952;12357;24309
"270240 Delmiro Gouveia";24836;27426;52262
"270250 Dois Riachos";5595;5472;11067
"270255 Estrela de Alagoas";8912;9343;18255
"270260 Feira Grande";10873;11305;22178
"270270 Feliz Deserto";2325;2454;4779
"270280 Flexeiras";6336;6471;12807
"270290 Girau do Ponciano";20335;20902;41237
"270300 Ibateguara";7747;7880;15627
"270310 Igaci";12362;13251;25613
"270320 Igreja Nova";12328;12258;24586
"270330 Inhapi";9035;9357;18392
"270340 Jacaré dos Homens";2561;2658;5219
"270350 Jacuípe";3498;3508;7006
"270360 Japaratinga";4175;4228;8403
"270370 Jaramataia";2918;2843;5761
"270375 Jequiá da Praia";5797;5739;11536
"270380 Joaquim Gomes";12285;11796;24081
"270390 Jundiá";2021;2116;4137
"270400 Junqueiro";12081;12641;24722
"270410 Lagoa da Canoa";8668;9103;17771
"270420 Limoeiro de Anadia";14304;14467;28771
"270430 Maceió";473175;552185;1025360
"270440 Major Isidoro";9624;10240;19864
"270490 Mar Vermelho";1702;1792;3494
"270450 Maragogi";16472;16560;33032
"270460 Maravilha";4533;4471;9004
"270470 Marechal Deodoro";25594;26786;52380
"270480 Maribondo";6318;6875;13193
"270500 Mata Grande";12564;12643;25207
"270510 Matriz de Camaragibe";11736;12898;24634
"270520 Messias";8694;9337;18031
"270530 Minador do Negrão";2610;2712;5322
"270540 Monteirópolis";3473;3692;7165
"270550 Murici";13958;14375;28333
"270560 Novo Lino";6336;6428;12764
"270570 Olho d'Água das Flores";10376;11362;21738
"270580 Olho d'Água do Casado";4721;4720;9441
"270590 Olho d'Água Grande";2510;2618;5128
"270600 Olivença";5854;5803;11657
"270610 Ouro Branco";5656;5879;11535
"270620 Palestina";2401;2636;5037
"270630 Palmeira dos Índios";34538;38799;73337
"270640 Pão de Açúcar";11986;12365;24351
"270642 Pariconha";5201;5338;10539
"270644 Paripueira";6599;6733;13332
"270650 Passo de Camaragibe";7662;7596;15258
"270660 Paulo Jacinto";3707;3853;7560
"270670 Penedo";30641;33205;63846
"270680 Piaçabuçu";8923;8925;17848
"270690 Pilar";16780;18432;35212
"270700 Pindoba";1426;1479;2905
"270710 Piranhas";12176;13007;25183
"270720 Poço das Trincheiras";7313;7105;14418
"270730 Porto Calvo";13203;14046;27249
"270740 Porto de Pedras";3840;3861;7701
"270750 Porto Real do Colégio";9946;10166;20112
"270760 Quebrangulo";5479;5769;11248
"270770 Rio Largo";36352;39042;75394
"270780 Roteiro";3358;3291;6649
"270790 Santa Luzia do Norte";3556;3764;7320
"270800 Santana do Ipanema";23098;24721;47819
"270810 Santana do Mundaú";5276;5411;10687
"270820 São Brás";3388;3581;6969
"270830 São José da Laje";11711;12285;23996
"270840 São José da Tapera";15902;16503;32405
"270850 São Luís do Quitunde";17220;17472;34692
"270860 São Miguel dos Campos";29845;31952;61797
"270870 São Miguel dos Milagres";3933;4080;8013
"270880 São Sebastião";16770;17520;34290
"270890 Satuba";6736;7200;13936
"270895 Senador Rui Palmeira";6780;7141;13921
"270900 Tanque d'Arca";3028;3110;6138
"270910 Taquarana";9672;10400;20072
"270915 Teotônio Vilela";21279;23093;44372
"270920 Traipu";14011;13815;27826
"270930 União dos Palmares";31566;34224;65790
"270940 Viçosa";12479;13214;25693
"280010 Amparo de São Francisco";1186;1194;2380
"280020 Aquidabã";10622;11059;21681
"280030 Aracaju";306952;357956;664908
"280040 Arauá";4995;4952;9947
"280050 Areia Branca";9461;9225;18686
"280060 Barra dos Coqueiros";15064;15866;30930
"280067 Boquim";13125;13774;26899
"280070 Brejo Grande";4254;4099;8353
"280100 Campo do Brito";8823;9395;18218
"280110 Canhoba";2087;1919;4006
"280120 Canindé de São Francisco";14950;15452;30402
"280130 Capela";17200;17314;34514
"280140 Carira";11096;11143;22239
"280150 Carmópolis";8438;8499;16937
"280160 Cedro de São João";2847;3066;5913
"280170 Cristinápolis";8947;9082;18029
"280190 Cumbe";1959;2039;3998
"280200 Divina Pastora";2602;2613;5215
"280210 Estância";33570;35986;69556
"280220 Feira Nova";2769;2832;5601
"280230 Frei Paulo";7566;7990;15556
"280240 Gararu";5909;5692;11601
"280250 General Maynard";1597;1787;3384
"280260 Gracho Cardoso";2949;2875;5824
"280270 Ilha das Flores";4280;4241;8521
"280280 Indiaroba";9194;8955;18149
"280290 Itabaiana";46463;49679;96142
"280300 Itabaianinha";20816;21350;42166
"280310 Itabi";2400;2486;4886
"280320 Itaporanga d'Ajuda";17250;17459;34709
"280330 Japaratuba";9370;9537;18907
"280340 Japoatã";6658;6771;13429
"280350 Lagarto";51023;54198;105221
"280360 Laranjeiras";14598;15482;30080
"280370 Macambira";3395;3566;6961
"280380 Malhada dos Bois";1931;1768;3699
"280390 Malhador";6403;6250;12653
"280400 Maruim";8422;8849;17271
"280410 Moita Bonita";5618;5730;11348
"280420 Monte Alegre de Sergipe";7671;7504;15175
"280430 Muribeca";3820;3819;7639
"280440 Neópolis";9354;9349;18703
"280445 Nossa Senhora Aparecida";4354;4455;8809
"280450 Nossa Senhora da Glória";18220;19104;37324
"280460 Nossa Senhora das Dores";13158;13637;26795
"280470 Nossa Senhora de Lourdes";3273;3223;6496
"280480 Nossa Senhora do Socorro";89523;96183;185706
"280490 Pacatuba";7388;7152;14540
"280500 Pedra Mole";1601;1684;3285
"280510 Pedrinhas";4721;4944;9665
"280520 Pinhão";3147;3480;6627
"280530 Pirambu";4692;4667;9359
"280540 Poço Redondo";18006;17116;35122
"280550 Poço Verde";11746;12121;23867
"280560 Porto da Folha";14603;14090;28693
"280570 Propriá";14468;15224;29692
"280580 Riachão do Dantas";9871;9938;19809
"280590 Riachuelo";5031;5253;10284
"280600 Ribeirópolis";9267;9506;18773
"280610 Rosário do Catete";5239;5769;11008
"280620 Salgado";9923;10102;20025
"280630 Santa Luzia do Itanhy";7189;6932;14121
"280650 Santa Rosa de Lima";1988;1935;3923
"280640 Santana do São Francisco";3933;3911;7844
"280660 Santo Amaro das Brotas";5951;6200;12151
"280670 São Cristóvão";44203;46890;91093
"280680 São Domingos";5467;5740;11207
"280690 São Francisco";1873;1908;3781
"280700 São Miguel do Aleixo";1978;1969;3947
"280710 Simão Dias";19890;20716;40606
"280720 Siriri";4388;4582;8970
"280730 Telha";1589;1660;3249
"280740 Tobias Barreto";25509;27021;52530
"280750 Tomar do Geru";6893;6642;13535
"280760 Umbaúba";12423;13127;25550
"290010 Abaíra";4244;4466;8710
"290020 Abaré";10306;10041;20347
"290030 Acajutiba";7406;7781;15187
"290035 Adustina";8582;8544;17126
"290040 Água Fria";8544;8489;17033
"290060 Aiquara";2243;2173;4416
"290070 Alagoinhas";71375;80952;152327
"290080 Alcobaça";11392;11098;22490
"290090 Almadina";2636;2730;5366
"290100 Amargosa";17967;19474;37441
"290110 Amélia Rodrigues";12001;13047;25048
"290115 América Dourada";8070;8020;16090
"290120 Anagé";10713;10894;21607
"290130 Andaraí";6708;6424;13132
"290135 Andorinha";7251;7252;14503
"290140 Angical";7304;6634;13938
"290150 Anguera";5567;5730;11297
"290160 Antas";9913;9566;19479
"290170 Antônio Cardoso";5702;5975;11677
"290180 Antônio Gonçalves";6010;5868;11878
"290190 Aporá";8922;8866;17788
"290195 Apuarema";3554;3748;7302
"290205 Araças";6094;6114;12208
"290200 Aracatu";6664;6381;13045
"290210 Araci";27149;27499;54648
"290220 Aramari";5723;5738;11461
"290225 Arataca";5692;5269;10961
"290230 Aratuípe";4438;4399;8837
"290240 Aurelino Leal";5659;5640;11299
"290250 Baianópolis";7200;6729;13929
"290260 Baixa Grande";10086;10363;20449
"290265 Banzaê";6708;6532;13240
"290270 Barra";27533;26377;53910
"290280 Barra da Estiva";10184;10208;20392
"290290 Barra do Choça";15642;15567;31209
"290300 Barra do Mendes";6959;6874;13833
"290310 Barra do Rocha";2901;2711;5612
"290320 Barreiras";76873;80102;156975
"290323 Barro Alto";7623;7431;15054
"290330 Barro Preto";2791;2657;5448
"290327 Barrocas";8165;7940;16105
"290340 Belmonte";12054;11383;23437
"290350 Belo Campo";8611;8498;17109
"290360 Biritinga";7961;8023;15984
"290370 Boa Nova";6201;6128;12329
"290380 Boa Vista do Tupim";9297;9234;18531
"290390 Bom Jesus da Lapa";34652;35010;69662
"290395 Bom Jesus da Serra";5045;4778;9823
"290400 Boninal";6981;7465;14446
"290405 Bonito";8475;8409;16884
"290410 Boquira";10591;10906;21497
"290420 Botuporã";5053;5076;10129
"290430 Brejões";7055;7167;14222
"290440 Brejolândia";5495;5123;10618
"290450 Brotas de Macaúbas";5176;4954;10130
"290460 Brumado";32800;34535;67335
"290470 Buerarema";9032;9274;18306
"290475 Buritirama";11034;10242;21276
"290480 Caatiba";3546;2942;6488
"290485 Cabaceiras do Paraguaçu";9311;9600;18911
"290490 Cachoeira";16011;17556;33567
"290500 Caculé";11642;11649;23291
"290510 Caém";4405;4653;9058
"290515 Caetanos";7526;7082;14608
"290520 Caetité";25018;26063;51081
"290530 Cafarnaum";9405;9108;18513
"290540 Cairu";9261;9166;18427
"290550 Caldeirão Grande";6586;6805;13391
"290560 Camacan";15974;16032;32006
"290570 Camaçari";149067;155235;304302
"290580 Camamu";17577;17805;35382
"290590 Campo Alegre de Lourdes";14537;14283;28820
"290600 Campo Formoso";35628;35859;71487
"290610 Canápolis";4920;4783;9703
"290620 Canarana";13137;13188;26325
"290630 Canavieiras";15135;15771;30906
"290640 Candeal";4198;3983;8181
"290650 Candeias";41468;45990;87458
"290660 Candiba";7415;6953;14368
"290670 Cândido Sales";12523;12530;25053
"290680 Cansanção";17511;17371;34882
"290682 Canudos";8545;8208;16753
"290685 Capela do Alto Alegre";5794;5822;11616
"290687 Capim Grosso";15031;15831;30862
"290689 Caraíbas";4500;4301;8801
"290690 Caravelas";11233;10860;22093
"290700 Cardeal da Silva";4694;4652;9346
"290710 Carinhanha";14773;14297;29070
"290720 Casa Nova";36765;35780;72545
"290730 Castro Alves";12574;13744;26318
"290740 Catolândia";1910;1689;3599
"290750 Catu";26511;28459;54970
"290755 Caturama";4781;4535;9316
"290760 Central";8826;8454;17280
"290770 Chorrochó";5711;5489;11200
"290780 Cícero Dantas";15896;16680;32576
"290790 Cipó";8502;8850;17352
"290800 Coaraci";7923;8626;16549
"290810 Cocos";9502;9305;18807
"290820 Conceição da Feira";10954;11808;22762
"290830 Conceição do Almeida";8203;8962;17165
"290840 Conceição do Coité";32823;34190;67013
"290850 Conceição do Jacuípe";15811;17587;33398
"290860 Conde";13051;12984;26035
"290870 Condeúba";8324;8854;17178
"290880 Contendas do Sincorá";2048;1997;4045
"290890 Coração de Maria";10651;11844;22495
"290900 Cordeiros";4245;4397;8642
"290910 Coribe";7062;7087;14149
"290920 Coronel João Sá";8112;7605;15717
"290930 Correntina";16280;15911;32191
"290940 Cotegipe";7230;6539;13769
"290950 Cravolândia";2697;2654;5351
"290960 Crisópolis";10666;10497;21163
"290970 Cristópolis";7196;6751;13947
"290980 Cruz das Almas";29680;33911;63591
"290990 Curaçá";17905;16981;34886
"291000 Dário Meira";5529;4996;10525
"291005 Dias d'Ávila";40516;41916;82432
"291010 Dom Basílio";6285;5955;12240
"291020 Dom Macedo Costa";1945;2120;4065
"291030 Elísio Medrado";3994;4132;8126
"291040 Encruzilhada";8572;7874;16446
"291050 Entre Rios";20394;21507;41901
"290050 Érico Cardoso";5256;5304;10560
"291060 Esplanada";18595;18983;37578
"291070 Euclides da Cunha";30270;30588;60858
"291072 Eunápolis";56492;57904;114396
"291075 Fátima";9004;8841;17845
"291077 Feira da Mata";2912;2749;5661
"291080 Feira de Santana";291005;328604;619609
"291085 Filadélfia";8211;8134;16345
"291090 Firmino Alves";2798;2831;5629
"291100 Floresta Azul";5386;5189;10575
"291110 Formosa do Rio Preto";13409;12448;25857
"291120 Gandu";16153;16443;32596
"291125 Gavião";2271;2169;4440
"291130 Gentio do Ouro";5780;5479;11259
"291140 Glória";7675;7559;15234
"291150 Gongogi";3485;3500;6985
"291160 Governador Mangabeira";9817;10945;20762
"291165 Guajeru";3269;3377;6646
"291170 Guanambi";41172;43756;84928
"291180 Guaratinga";10706;9994;20700
"291185 Heliópolis";6464;6523;12987
"291190 Iaçu";11567;12554;24121
"291200 Ibiassucê";4548;4483;9031
"291210 Ibicaraí";10275;11103;21378
"291220 Ibicoara";9933;9853;19786
"291230 Ibicuí";8142;8088;16230
"291240 Ibipeba";9396;8923;18319
"291250 Ibipitanga";7384;7563;14947
"291260 Ibiquera";2101;1945;4046
"291270 Ibirapitanga";11983;11421;23404
"291280 Ibirapuã";4504;4186;8690
"291290 Ibirataia";7273;7609;14882
"291300 Ibitiara";8107;8296;16403
"291310 Ibititá";8569;8511;17080
"291320 Ibotirama";13372;13631;27003
"291330 Ichu";3014;3206;6220
"291340 Igaporã";7854;7796;15650
"291345 Igrapiúna";6925;6166;13091
"291350 Iguaí";13778;13185;26963
"291360 Ilhéus";75284;84639;159923
"291370 Inhambupe";19766;20567;40333
"291380 Ipecaetá";7089;7265;14354
"291390 Ipiaú";22614;23308;45922
"291400 Ipirá";28852;30583;59435
"291410 Ipupiara";5035;4876;9911
"291420 Irajuba";3580;3699;7279
"291430 Iramaia";4200;3997;8197
"291440 Iraquara";12761;12717;25478
"291450 Irará";13814;15359;29173
"291460 Irecê";35099;38425;73524
"291465 Itabela";15636;15111;30747
"291470 Itaberaba";31263;33383;64646
"291480 Itabuna";99692;113993;213685
"291490 Itacaré";14687;13997;28684
"291500 Itaeté";8080;8030;16110
"291510 Itagi";6088;6154;12242
"291520 Itagibá";7324;7128;14452
"291530 Itagimirim";3304;3521;6825
"291535 Itaguaçu da Bahia";7679;6863;14542
"291540 Itaju do Colônia";3304;3292;6596
"291550 Itajuípe";9809;10589;20398
"291560 Itamaraju";31854;32601;64455
"291570 Itamari";4039;3964;8003
"291580 Itambé";11508;11246;22754
"291590 Itanagra";3271;3165;6436
"291600 Itanhém";9810;9506;19316
"291610 Itaparica";10835;11502;22337
"291620 Itapé";4401;4125;8526
"291630 Itapebi";4949;5266;10215
"291640 Itapetinga";37474;39321;76795
"291650 Itapicuru";18307;17576;35883
"291660 Itapitanga";5224;5074;10298
"291670 Itaquara";4094;4253;8347
"291680 Itarantim";10146;9697;19843
"291685 Itatim";7165;7374;14539
"291690 Itiruçu";6158;6370;12528
"291700 Itiúba";18244;17872;36116
"291710 Itororó";10164;10224;20388
"291720 Ituaçu";9455;9575;19030
"291730 Ituberá";14303;14437;28740
"291733 Iuiú";5619;5397;11016
"291735 Jaborandi";4309;3968;8277
"291740 Jacaraci";7631;7219;14850
"291750 Jacobina";38403;42232;80635
"291760 Jaguaquara";26607;28066;54673
"291770 Jaguarari";17082;16664;33746
"291780 Jaguaripe";9678;9303;18981
"291790 Jandaíra";5452;5274;10726
"291800 Jequié";74650;81476;156126
"291810 Jeremoabo";20364;20287;40651
"291820 Jiquiriçá";7334;7223;14557
"291830 Jitaúna";5409;5399;10808
"291835 João Dourado";12666;12736;25402
"291840 Juazeiro";105701;112461;218162
"291845 Jucuruçu";4699;4289;8988
"291850 Jussara";7871;7391;15262
"291855 Jussari";2814;2954;5768
"291860 Jussiape";2844;3132;5976
"291870 Lafaiete Coutinho";1906;1787;3693
"291875 Lagoa Real";8148;7622;15770
"291880 Laje";12114;11918;24032
"291890 Lajedão";1939;2036;3975
"291900 Lajedinho";1969;1789;3758
"291905 Lajedo do Tabocal";4301;4276;8577
"291910 Lamarão";3958;4233;8191
"291915 Lapão";13785;13489;27274
"291920 Lauro de Freitas";96587;105048;201635
"291930 Lençóis";5814;5685;11499
"291940 Licínio de Almeida";6253;6120;12373
"291950 Livramento de Nossa Senhora";23017;23045;46062
"291955 Luís Eduardo Magalhães";46416;43746;90162
"291960 Macajuba";5480;5852;11332
"291970 Macarani";9439;9470;18909
"291980 Macaúbas";25029;25132;50161
"291990 Macururé";3869;3918;7787
"291992 Madre de Deus";10131;11301;21432
"291995 Maetinga";1394;1370;2764
"292000 Maiquinique";5293;4913;10206
"292010 Mairi";9210;9392;18602
"292020 Malhada";8740;8121;16861
"292030 Malhada de Pedras";4304;4055;8359
"292040 Manoel Vitorino";6683;6404;13087
"292045 Mansidão";7133;6601;13734
"292050 Maracás";9989;10404;20393
"292060 Maragogipe";22458;22335;44793
"292070 Maraú";10859;9758;20617
"292080 Marcionílio Souza";5186;5194;10380
"292090 Mascote";7067;6650;13717
"292100 Mata de São João";23024;24102;47126
"292105 Matina";6253;6030;12283
"292110 Medeiros Neto";11765;10951;22716
"292120 Miguel Calmon";12764;13130;25894
"292130 Milagres";5250;5643;10893
"292140 Mirangaba";9244;9230;18474
"292145 Mirante";4437;4010;8447
"292150 Monte Santo";24930;24348;49278
"292160 Morpará";4331;4166;8497
"292170 Morro do Chapéu";17698;17742;35440
"292180 Mortugaba";5983;6069;12052
"292190 Mucugê";4358;4531;8889
"292200 Mucuri";21111;21140;42251
"292205 Mulungu do Morro";5362;5311;10673
"292210 Mundo Novo";13736;13234;26970
"292220 Muniz Ferreira";3730;3713;7443
"292225 Muquém de São Francisco";6002;5415;11417
"292230 Muritiba";13917;15493;29410
"292240 Mutuípe";10915;11367;22282
"292250 Nazaré";13822;14772;28594
"292260 Nilo Peçanha";7181;6898;14079
"292265 Nordestina";6773;6391;13164
"292270 Nova Canaã";8326;8146;16472
"292273 Nova Fátima";3873;3948;7821
"292275 Nova Ibiá";3532;3022;6554
"292280 Nova Itarana";4196;4083;8279
"292285 Nova Redenção";4666;4457;9123
"292290 Nova Soure";13440;13558;26998
"292300 Nova Viçosa";21779;22004;43783
"292303 Novo Horizonte";6606;5916;12522
"292305 Novo Triunfo";7993;7450;15443
"292310 Olindina";13936;14368;28304
"292320 Oliveira dos Brejinhos";11008;10802;21810
"292330 Ouriçangas";4382;4188;8570
"292335 Ourolândia";8898;8613;17511
"292340 Palmas de Monte Alto";11127;10669;21796
"292350 Palmeiras";4507;4564;9071
"292360 Paramirim";10846;10849;21695
"292370 Paratinga";16180;15961;32141
"292380 Paripiranga";14192;14866;29058
"292390 Pau Brasil";4837;4849;9686
"292400 Paulo Afonso";56403;62113;118516
"292405 Pé de Serra";6604;6952;13556
"292410 Pedrão";3626;3768;7394
"292420 Pedro Alexandre";8589;8093;16682
"292430 Piatã";8169;8815;16984
"292440 Pilão Arcado";17841;17334;35175
"292450 Pindaí";8337;7948;16285
"292460 Pindobaçu";10089;10009;20098
"292465 Pintadas";5178;5216;10394
"292467 Piraí do Norte";5370;4666;10036
"292470 Piripá";5419;5056;10475
"292480 Piritiba";12723;12241;24964
"292490 Planaltino";4847;4523;9370
"292500 Planalto";12876;13550;26426
"292510 Poções";22538;24341;46879
"292520 Pojuca";19321;20651;39972
"292525 Ponto Novo";7482;7337;14819
"292530 Porto Seguro";74087;76571;150658
"292540 Potiraguá";3597;3319;6916
"292550 Prado";14002;14192;28194
"292560 Presidente Dutra";7641;7519;15160
"292570 Presidente Jânio Quadros";6214;5965;12179
"292575 Presidente Tancredo Neves";14180;13824;28004
"292580 Queimadas";12606;12827;25433
"292590 Quijingue";14013;13613;27626
"292593 Quixabeira";4531;4425;8956
"292595 Rafael Jambeiro";10880;11753;22633
"292600 Remanso";20471;20699;41170
"292610 Retirolândia";7264;7231;14495
"292620 Riachão das Neves";11662;10672;22334
"292630 Riachão do Jacuípe";15840;17628;33468
"292640 Riacho de Santana";18179;17414;35593
"292650 Ribeira do Amparo";7258;7354;14612
"292660 Ribeira do Pombal";26475;27481;53956
"292665 Ribeirão do Largo";2764;2579;5343
"292670 Rio de Contas";6170;6762;12932
"292680 Rio do Antônio";7697;7751;15448
"292690 Rio do Pires";5810;5853;11663
"292700 Rio Real";20484;20492;40976
"292710 Rodelas";4612;4830;9442
"292720 Ruy Barbosa";14908;15949;30857
"292730 Salinas da Margarida";7659;8203;15862
"292740 Salvador";1328440;1558258;2886698
"292750 Santa Bárbara";10060;10823;20883
"292760 Santa Brígida";7225;6838;14063
"292770 Santa Cruz Cabrália";13681;14241;27922
"292780 Santa Cruz da Vitória";3225;3053;6278
"292790 Santa Inês";5232;5374;10606
"292805 Santa Luzia";6603;5846;12449
"292810 Santa Maria da Vitória";19965;19810;39775
"292840 Santa Rita de Cássia";14747;13734;28481
"292850 Santa Teresinha";5176;5288;10464
"292800 Santaluz";18201;19330;37531
"292820 Santana";13398;13307;26705
"292830 Santanópolis";4241;4725;8966
"292860 Santo Amaro";28298;31833;60131
"292870 Santo Antônio de Jesus";47813;54567;102380
"292880 Santo Estêvão";25229;28040;53269
"292890 São Desidério";18204;16062;34266
"292895 São Domingos";4442;4630;9072
"292910 São Felipe";10278;10802;21080
"292900 São Félix";7185;7577;14762
"292905 São Félix do Coribe";7784;7684;15468
"292920 São Francisco do Conde";19273;20972;40245
"292925 São Gabriel";9541;9248;18789
"292930 São Gonçalo dos Campos";18263;19679;37942
"292935 São José da Vitória";2820;2788;5608
"292937 São José do Jacuípe";5231;5274;10505
"292940 São Miguel das Matas";5962;5742;11704
"292950 São Sebastião do Passé";21382;23048;44430
"292960 Sapeaçu";8358;9051;17409
"292970 Sátiro Dias";8702;8600;17302
"292975 Saubara";5795;6310;12105
"292980 Saúde";6520;6423;12943
"292990 Seabra";21652;22582;44234
"293000 Sebastião Laranjeiras";5818;5694;11512
"293010 Senhor do Bonfim";38158;41266;79424
"293020 Sento Sé";20933;20056;40989
"293015 Serra do Ramalho";16071;15345;31416
"293030 Serra Dourada";8741;8580;17321
"293040 Serra Preta";7210;7489;14699
"293050 Serrinha";39799;41487;81286
"293060 Serrolândia";6513;6933;13446
"293070 Simões Filho";65855;69928;135783
"293075 Sítio do Mato";6766;6293;13059
"293076 Sítio do Quinto";4862;4839;9701
"293077 Sobradinho";11426;11807;23233
"293080 Souto Soares";8579;8471;17050
"293090 Tabocas do Brejo Velho";6511;6005;12516
"293100 Tanhaçu";10213;10180;20393
"293105 Tanque Novo";8793;8650;17443
"293110 Tanquinho";3945;3983;7928
"293120 Taperoá";10760;10493;21253
"293130 Tapiramutá";8503;8471;16974
"293135 Teixeira de Freitas";79511;82927;162438
"293140 Teodoro Sampaio";3517;3842;7359
"293150 Teofilândia";11169;11386;22555
"293160 Teolândia";7923;7099;15022
"293170 Terra Nova";6220;6805;13025
"293180 Tremedal";8133;8056;16189
"293190 Tucano";25059;25739;50798
"293200 Uauá";11992;12121;24113
"293210 Ubaíra";10162;9715;19877
"293220 Ubaitaba";9076;9771;18847
"293230 Ubatã";13603;13660;27263
"293240 Uibaí";7035;6856;13891
"293245 Umburanas";9952;9450;19402
"293250 Una";9346;9198;18544
"293260 Urandi";8326;8339;16665
"293270 Uruçuca";9991;10422;20413
"293280 Utinga";9376;9880;19256
"293290 Valença";47015;50218;97233
"293300 Valente";14147;14653;28800
"293305 Várzea da Roça";7060;7061;14121
"293310 Várzea do Poço";4684;4526;9210
"293315 Várzea Nova";6318;6307;12625
"293317 Varzedo";4329;4456;8785
"293320 Vera Cruz";21513;22203;43716
"293325 Vereda";3183;2970;6153
"293330 Vitória da Conquista";162741;178387;341128
"293340 Wagner";4619;4725;9344
"293345 Wanderley";6400;5780;12180
"293350 Wenceslau Guimarães";10862;10116;20978
"293360 Xique-Xique";22960;23563;46523
"310010 Abadia dos Dourados";3525;3481;7006
"310020 Abaeté";11542;11708;23250
"310030 Abre Campo";6770;6674;13444
"310040 Acaiaca";1890;2104;3994
"310050 Açucena";4777;4591;9368
"310060 Água Boa";6990;6533;13523
"310070 Água Comprida";1047;945;1992
"310080 Aguanil";2296;2226;4522
"310090 Águas Formosas";9789;9458;19247
"310100 Águas Vermelhas";7022;6577;13599
"310110 Aimorés";12164;12977;25141
"310120 Aiuruoca";3092;2884;5976
"310130 Alagoa";1397;1268;2665
"310140 Albertina";1529;1482;3011
"310150 Além Paraíba";17155;18246;35401
"310160 Alfenas";39334;41160;80494
"310163 Alfredo Vasconcelos";3566;3415;6981
"310170 Almenara";21494;20649;42143
"310180 Alpercata";3657;3779;7436
"310190 Alpinópolis";10212;9746;19958
"310200 Alterosa";7389;7128;14517
"310205 Alto Caparaó";3033;2861;5894
"315350 Alto Jequitibá";4253;4048;8301
"310210 Alto Rio Doce";5475;5384;10859
"310220 Alvarenga";1962;1882;3844
"310230 Alvinópolis";7474;7695;15169
"310240 Alvorada de Minas";1770;1835;3605
"310250 Amparo do Serra";2283;2395;4678
"310260 Andradas";20818;20578;41396
"310280 Andrelândia";6101;6105;12206
"310285 Angelândia";4196;4361;8557
"310290 Antônio Carlos";5689;5770;11459
"310300 Antônio Dias";4652;4623;9275
"310310 Antônio Prado de Minas";830;757;1587
"310320 Araçaí";1115;1239;2354
"310330 Aracitaba";1048;1011;2059
"310340 Araçuaí";18228;18484;36712
"310350 Araguari";57979;59846;117825
"310360 Arantina";1401;1386;2787
"310370 Araponga";4372;4081;8453
"310375 Araporã";3486;3445;6931
"310380 Arapuá";1427;1408;2835
"310390 Araújos";4740;4661;9401
"310400 Araxá";53615;53722;107337
"310410 Arceburgo";5678;5205;10883
"310420 Arcos";20096;20284;40380
"310430 Areado";7613;7568;15181
"310440 Argirita";1381;1323;2704
"310445 Aricanduva";2659;2610;5269
"310450 Arinos";9180;8682;17862
"310460 Astolfo Dutra";7178;7092;14270
"310470 Ataléia";6513;6165;12678
"310480 Augusto de Lima";2441;2410;4851
"310490 Baependi";9666;9533;19199
"310500 Baldim";3868;3935;7803
"310510 Bambuí";11944;11954;23898
"310520 Bandeira";2400;2366;4766
"310530 Bandeira do Sul";2939;2839;5778
"310540 Barão de Cocais";16414;16452;32866
"310550 Barão de Monte Alto";2628;2726;5354
"310560 Barbacena";65768;72436;138204
"310570 Barra Longa";2434;2581;5015
"310590 Barroso";10101;10796;20897
"310600 Bela Vista de Minas";4943;5319;10262
"310610 Belmiro Braga";1751;1674;3425
"310620 Belo Horizonte";1179171;1342393;2521564
"310630 Belo Oriente";13372;13622;26994
"310640 Belo Vale";3848;3871;7719
"310650 Berilo";6133;5739;11872
"310665 Berizal";2379;2385;4764
"310660 Bertópolis";2458;2149;4607
"310670 Betim";218127;226657;444784
"310680 Bias Fortes";1718;1611;3329
"310690 Bicas";6954;7600;14554
"310700 Biquinhas";1251;1247;2498
"310710 Boa Esperança";20133;20086;40219
"310720 Bocaina de Minas";2698;2391;5089
"310730 Bocaiúva";25112;25144;50256
"310740 Bom Despacho";25375;25653;51028
"310750 Bom Jardim de Minas";3213;3246;6459
"310760 Bom Jesus da Penha";2193;2051;4244
"310770 Bom Jesus do Amparo";3028;3105;6133
"310780 Bom Jesus do Galho";7582;7280;14862
"310790 Bom Repouso";5489;5048;10537
"310800 Bom Sucesso";8712;8895;17607
"310810 Bonfim";3405;3455;6860
"310820 Bonfinópolis de Minas";2736;2708;5444
"310825 Bonito de Minas";5930;5439;11369
"310830 Borda da Mata";9959;9655;19614
"310840 Botelhos";7467;7482;14949
"310850 Botumirim";3281;3007;6288
"310870 Brás Pires";2147;2146;4293
"310855 Brasilândia de Minas";8760;7988;16748
"310860 Brasília de Minas";16140;16265;32405
"310880 Braúnas";2330;2439;4769
"310890 Brazópolis";7323;7087;14410
"310900 Brumadinho";20447;20219;40666
"310910 Bueno Brandão";5778;5213;10991
"310920 Buenópolis";5202;5151;10353
"310925 Bugre";2065;1918;3983
"310930 Buritis";12646;12367;25013
"310940 Buritizeiro";14149;13972;28121
"310945 Cabeceira Grande";3662;3326;6988
"310950 Cabo Verde";7777;6298;14075
"310960 Cachoeira da Prata";1668;1923;3591
"310970 Cachoeira de Minas";6124;5455;11579
"310270 Cachoeira de Pajeú";4800;4642;9442
"310980 Cachoeira Dourada";1280;1426;2706
"310990 Caetanópolis";5960;5789;11749
"311000 Caeté";21964;23083;45047
"311010 Caiana";2866;2675;5541
"311020 Cajuri";2110;1864;3974
"311030 Caldas";7410;7131;14541
"311040 Camacho";1516;1353;2869
"311050 Camanducaia";11171;10630;21801
"311060 Cambuí";14769;15045;29814
"311070 Cambuquira";6307;6505;12812
"311080 Campanário";1792;1938;3730
"311090 Campanha";8572;8190;16762
"311100 Campestre";10977;10077;21054
"311110 Campina Verde";10110;9642;19752
"311115 Campo Azul";2055;1769;3824
"311120 Campo Belo";26402;27784;54186
"311130 Campo do Meio";5844;5807;11651
"311140 Campo Florido";4447;3822;8269
"311150 Campos Altos";8194;7369;15563
"311160 Campos Gerais";14643;14199;28842
"311190 Cana Verde";2878;2716;5594
"311170 Canaã";2336;2212;4548
"311180 Canápolis";6518;5683;12201
"311200 Candeias";7643;7245;14888
"311205 Cantagalo";2180;2371;4551
"311210 Caparaó";2935;2516;5451
"311220 Capela Nova";2236;2398;4634
"311230 Capelinha";18824;19233;38057
"311240 Capetinga";3676;3214;6890
"311250 Capim Branco";4833;4993;9826
"311260 Capinópolis";8377;7857;16234
"311265 Capitão Andrade";2683;2831;5514
"311270 Capitão Enéas";7895;7418;15313
"311280 Capitólio";4337;4326;8663
"311290 Caputira";4805;4503;9308
"311300 Caraí";12153;11627;23780
"311310 Caranaíba";1576;1590;3166
"311320 Carandaí";12631;13038;25669
"311330 Carangola";16098;16913;33011
"311340 Caratinga";45341;47262;92603
"311350 Carbonita";4814;4600;9414
"311360 Careaçu";3462;3330;6792
"311370 Carlos Chagas";9256;9418;18674
"311380 Carmésia";1346;1300;2646
"311390 Carmo da Cachoeira";6088;6094;12182
"311400 Carmo da Mata";5751;5760;11511
"311410 Carmo de Minas";7427;7520;14947
"311420 Carmo do Cajuru";11345;11348;22693
"311430 Carmo do Paranaíba";15382;14952;30334
"311440 Carmo do Rio Claro";10997;10271;21268
"311450 Carmópolis de Minas";10112;9447;19559
"311455 Carneirinho";5176;4890;10066
"311460 Carrancas";2053;1996;4049
"311470 Carvalhópolis";1801;1796;3597
"311480 Carvalhos";2299;2162;4461
"311490 Casa Grande";1159;1095;2254
"311500 Cascalho Rico";1665;1427;3092
"311510 Cássia";8986;8754;17740
"311530 Cataguases";37272;38268;75540
"311535 Catas Altas";2649;2772;5421
"311540 Catas Altas da Noruega";1849;1804;3653
"311545 Catuji";3116;3141;6257
"311547 Catuti";2554;2411;4965
"311550 Caxambu";10476;11134;21610
"311560 Cedro do Abaeté";594;563;1157
"311570 Central de Minas";3456;3590;7046
"311580 Centralina";5237;5109;10346
"311590 Chácara";1603;1583;3186
"311600 Chalé";2882;2817;5699
"311610 Chapada do Norte";7679;7666;15345
"311615 Chapada Gaúcha";7378;6575;13953
"311620 Chiador";1264;1407;2671
"311630 Cipotânea";3490;3309;6799
"311640 Claraval";2525;2339;4864
"311650 Claro dos Poções";3793;3721;7514
"311660 Cláudio";14772;14087;28859
"311670 Coimbra";3855;3739;7594
"311680 Coluna";4443;4398;8841
"311690 Comendador Gomes";1668;1452;3120
"311700 Comercinho";3468;3306;6774
"311710 Conceição da Aparecida";5223;5099;10322
"311520 Conceição da Barra de Minas";2073;1873;3946
"311730 Conceição das Alagoas";15117;13229;28346
"311720 Conceição das Pedras";1513;1300;2813
"311740 Conceição de Ipanema";2325;2253;4578
"311750 Conceição do Mato Dentro";9059;8714;17773
"311760 Conceição do Pará";2830;2703;5533
"311770 Conceição do Rio Verde";6886;6798;13684
"311780 Conceição dos Ouros";6029;5719;11748
"311783 Cônego Marinho";3895;3791;7686
"311787 Confins";3342;3458;6800
"311790 Congonhal";6230;5852;12082
"311800 Congonhas";27233;28076;55309
"311810 Congonhas do Norte";2560;2486;5046
"311820 Conquista";3493;3476;6969
"311830 Conselheiro Lafaiete";62997;66609;129606
"311840 Conselheiro Pena";11107;11842;22949
"311850 Consolação";924;860;1784
"311860 Contagem";323662;345287;668949
"311870 Coqueiral";4530;4598;9128
"311880 Coração de Jesus";13602;13009;26611
"311890 Cordisburgo";4650;4247;8897
"311900 Cordislândia";1824;1718;3542
"311910 Corinto";11856;11812;23668
"311920 Coroaci";5020;4923;9943
"311930 Coromandel";14057;13909;27966
"311940 Coronel Fabriciano";53196;57094;110290
"311950 Coronel Murta";4752;4463;9215
"311960 Coronel Pacheco";1535;1555;3090
"311970 Coronel Xavier Chaves";1699;1742;3441
"311980 Córrego Danta";1690;1501;3191
"311990 Córrego do Bom Jesus";1895;1799;3694
"311995 Córrego Fundo";3323;3059;6382
"312000 Córrego Novo";1368;1360;2728
"312010 Couto de Magalhães de Minas";2234;2189;4423
"312015 Crisólita";3394;3366;6760
"312020 Cristais";6570;6361;12931
"312030 Cristália";3069;2913;5982
"312040 Cristiano Otoni";2555;2601;5156
"312050 Cristina";5231;4995;10226
"312060 Crucilândia";2598;2456;5054
"312070 Cruzeiro da Fortaleza";1857;1782;3639
"312080 Cruzília";7719;7755;15474
"312083 Cuparaque";2510;2495;5005
"312087 Curral de Dentro";3954;3845;7799
"312090 Curvelo";39348;41268;80616
"312100 Datas";2603;2818;5421
"312110 Delfim Moreira";4257;3759;8016
"312120 Delfinópolis";3701;3430;7131
"312125 Delta";6373;4395;10768
"312130 Descoberto";2509;2520;5029
"312140 Desterro de Entre Rios";3726;3529;7255
"312150 Desterro do Melo";1450;1434;2884
"312160 Diamantina";23111;24714;47825
"312170 Diogo de Vasconcelos";1892;1898;3790
"312180 Dionísio";3798;3811;7609
"312190 Divinésia";1710;1714;3424
"312200 Divino";10137;9839;19976
"312210 Divino das Laranjeiras";2517;2457;4974
"312220 Divinolândia de Minas";3808;3806;7614
"312230 Divinópolis";117346;123062;240408
"312235 Divisa Alegre";3441;3427;6868
"312240 Divisa Nova";3109;2916;6025
"312245 Divisópolis";5876;5335;11211
"312247 Dom Bosco";1908;1747;3655
"312250 Dom Cavati";2408;2640;5048
"312260 Dom Joaquim";2071;2110;4181
"312270 Dom Silvério";2520;2712;5232
"312280 Dom Viçoso";1537;1460;2997
"312290 Dona Eusébia";3275;3344;6619
"312300 Dores de Campos";5100;5123;10223
"312310 Dores de Guanhães";2563;2591;5154
"312320 Dores do Indaiá";6575;6852;13427
"312330 Dores do Turvo";2211;2019;4230
"312340 Doresópolis";791;742;1533
"312350 Douradoquara";1006;906;1912
"312352 Durandé";4020;3850;7870
"312360 Elói Mendes";14018;14302;28320
"312370 Engenheiro Caldas";5322;5880;11202
"312380 Engenheiro Navarro";3667;3574;7241
"312385 Entre Folhas";2620;2757;5377
"312390 Entre Rios de Minas";7695;7685;15380
"312400 Ervália";9569;9389;18958
"312410 Esmeraldas";35798;35753;71551
"312420 Espera Feliz";12678;12444;25122
"312430 Espinosa";15682;15928;31610
"312440 Espírito Santo do Dourado";2495;2215;4710
"312450 Estiva";5846;5540;11386
"312460 Estrela Dalva";1174;1151;2325
"312470 Estrela do Indaiá";1762;1729;3491
"312480 Estrela do Sul";4219;3799;8018
"312490 Eugenópolis";5669;5661;11330
"312500 Ewbank da Câmara";1904;2019;3923
"312510 Extrema";18628;18323;36951
"312520 Fama";1167;1209;2376
"312530 Faria Lemos";1625;1596;3221
"312540 Felício dos Santos";2357;2347;4704
"312560 Felisburgo";3877;3627;7504
"312570 Felixlândia";7733;7700;15433
"312580 Fernandes Tourinho";1780;1686;3466
"312590 Ferros";4814;4882;9696
"312595 Fervedouro";5711;5343;11054
"312600 Florestal";3621;3912;7533
"312610 Formiga";33694;34128;67822
"312620 Formoso";5095;4593;9688
"312630 Fortaleza de Minas";2241;2196;4437
"312640 Fortuna de Minas";1534;1433;2967
"312650 Francisco Badaró";5413;4908;10321
"312660 Francisco Dumont";2737;2505;5242
"312670 Francisco Sá";13911;12458;26369
"312675 Franciscópolis";2721;2617;5338
"312680 Frei Gaspar";2991;2878;5869
"312690 Frei Inocêncio";4702;4962;9664
"312695 Frei Lagonegro";1781;1706;3487
"312700 Fronteira";9636;8856;18492
"312705 Fronteira dos Vales";2350;2211;4561
"312707 Fruta de Leite";2717;2582;5299
"312710 Frutal";30905;29107;60012
"312720 Funilândia";2174;2218;4392
"312730 Galiléia";3370;3420;6790
"312733 Gameleiras";2613;2483;5096
"312735 Glaucilândia";1579;1585;3164
"312737 Goiabeira";1639;1739;3378
"312738 Goianá";2040;1950;3990
"312740 Gonçalves";2218;2137;4355
"312750 Gonzaga";3060;3111;6171
"312760 Gouveia";5721;6097;11818
"312770 Governador Valadares";133427;147619;281046
"312780 Grão Mogol";8167;7723;15890
"312790 Grupiara";694;693;1387
"312800 Guanhães";16783;17790;34573
"312810 Guapé";7447;6811;14258
"312820 Guaraciaba";5244;5071;10315
"312825 Guaraciama";2469;2520;4989
"312830 Guaranésia";9639;9378;19017
"312840 Guarani";4573;4345;8918
"312850 Guarará";1832;1943;3775
"312860 Guarda-Mor";3357;3212;6569
"312870 Guaxupé";25980;26098;52078
"312880 Guidoval";3554;3497;7051
"312890 Guimarânia";4139;3966;8105
"312900 Guiricema";4318;4025;8343
"312910 Gurinhatã";2924;2653;5577
"312920 Heliodora";3362;3229;6591
"312930 Iapu";5503;5542;11045
"312940 Ibertioga";2506;2504;5010
"312950 Ibiá";13129;12229;25358
"312960 Ibiaí";4361;4076;8437
"312965 Ibiracatu";2819;2550;5369
"312970 Ibiraci";7382;6593;13975
"312980 Ibirité";88423;93730;182153
"312990 Ibitiúra de Minas";1818;1674;3492
"313000 Ibituruna";1538;1458;2996
"313005 Icaraí de Minas";6330;5767;12097
"313010 Igarapé";21905;21912;43817
"313020 Igaratinga";5711;5294;11005
"313030 Iguatama";3980;3943;7923
"313040 Ijaci";3306;3304;6610
"313050 Ilicínea";6287;6157;12444
"313055 Imbé de Minas";3553;3387;6940
"313060 Inconfidentes";3691;3667;7358
"313065 Indaiabira";3699;3640;7339
"313070 Indianópolis";3593;3358;6951
"313080 Ingaí";1471;1305;2776
"313090 Inhapim";12045;12034;24079
"313100 Inhaúma";3150;3162;6312
"313110 Inimutaba";3727;3833;7560
"313115 Ipaba";9457;9312;18769
"313120 Ipanema";9712;10288;20000
"313130 Ipatinga";128261;137148;265409
"313140 Ipiaçu";2167;2058;4225
"313150 Ipuiúna";5240;4878;10118
"313160 Iraí de Minas";3598;3429;7027
"313170 Itabira";58108;62796;120904
"313180 Itabirinha";5790;5786;11576
"313190 Itabirito";25902;26544;52446
"313200 Itacambira";2931;2486;5417
"313210 Itacarambi";9010;9154;18164
"313220 Itaguara";6836;6599;13435
"313230 Itaipé";6529;6307;12836
"313240 Itajubá";48130;49204;97334
"313250 Itamarandiba";17677;17259;34936
"313260 Itamarati de Minas";2274;2101;4375
"313270 Itambacuri";11202;12007;23209
"313280 Itambé do Mato Dentro";1060;996;2056
"313290 Itamogi";5222;4935;10157
"313300 Itamonte";7973;7741;15714
"313310 Itanhandu";7607;7816;15423
"313320 Itanhomi";5994;6250;12244
"313330 Itaobim";10643;10386;21029
"313340 Itapagipe";8201;7178;15379
"313350 Itapecerica";10811;10950;21761
"313360 Itapeva";5125;4756;9881
"313370 Itatiaiuçu";5752;5500;11252
"313375 Itaú de Minas";7898;8301;16199
"313380 Itaúna";46142;47705;93847
"313390 Itaverava";2747;2622;5369
"313400 Itinga";7778;7244;15022
"313410 Itueta";3111;2952;6063
"313420 Ituiutaba";52373;52882;105255
"313430 Itumirim";2976;3024;6000
"313440 Iturama";20134;19556;39690
"313450 Itutinga";1872;1896;3768
"313460 Jaboticatubas";10403;10015;20418
"313470 Jacinto";6405;5918;12323
"313480 Jacuí";3957;3734;7691
"313490 Jacutinga";13098;13166;26264
"313500 Jaguaraçu";1589;1553;3142
"313505 Jaíba";20350;19038;39388
"313507 Jampruca";2804;2625;5429
"313510 Janaúba";35262;36756;72018
"313520 Januária";33599;34253;67852
"313530 Japaraíba";2262;2122;4384
"313535 Japonvar";4054;3928;7982
"313540 Jeceaba";2424;2428;4852
"313545 Jenipapo de Minas";4064;3674;7738
"313550 Jequeri";6252;6063;12315
"313560 Jequitaí";3722;3746;7468
"313570 Jequitibá";2645;2562;5207
"313580 Jequitinhonha";13013;12461;25474
"313590 Jesuânia";2495;2285;4780
"313600 Joaíma";7922;7533;15455
"313610 Joanésia";2205;2271;4476
"313620 João Monlevade";38307;42109;80416
"313630 João Pinheiro";24432;23294;47726
"313640 Joaquim Felício";2490;2237;4727
"313650 Jordânia";5631;5211;10842
"313652 José Gonçalves de Minas";2328;2159;4487
"313655 José Raydan";2591;2459;5050
"313657 Josenópolis";2538;2351;4889
"313665 Juatuba";13942;13450;27392
"313670 Juiz de Fora";270013;303272;573285
"313680 Juramento";2150;2195;4345
"313690 Juruaia";5386;5295;10681
"313695 Juvenília";2956;2759;5715
"313700 Ladainha";9144;9049;18193
"313710 Lagamar";3942;3658;7600
"313720 Lagoa da Prata";26417;26294;52711
"313730 Lagoa dos Patos";2127;1955;4082
"313740 Lagoa Dourada";6741;6322;13063
"313750 Lagoa Formosa";9205;8906;18111
"313753 Lagoa Grande";5074;4534;9608
"313760 Lagoa Santa";32188;33469;65657
"313770 Lajinha";9946;9972;19918
"313780 Lambari";10333;10574;20907
"313790 Lamim";1699;1680;3379
"313800 Laranjal";3426;3407;6833
"313810 Lassance";3286;3217;6503
"313820 Lavras";50836;53947;104783
"313830 Leandro Ferreira";1610;1616;3226
"313835 Leme do Prado";2445;2475;4920
"313840 Leopoldina";25223;27417;52640
"313850 Liberdade";2559;2472;5031
"313860 Lima Duarte";8391;8333;16724
"313862 Limeira do Oeste";3898;3691;7589
"313865 Lontra";5100;4614;9714
"313867 Luisburgo";3232;3026;6258
"313868 Luislândia";3464;3254;6718
"313870 Luminárias";2807;2631;5438
"313880 Luz";9120;9137;18257
"313890 Machacalis";3743;3368;7111
"313900 Machado";21149;21264;42413
"313910 Madre de Deus de Minas";2563;2546;5109
"313920 Malacacheta";9138;9464;18602
"313925 Mamonas";3347;3207;6554
"313930 Manga";8968;9258;18226
"313940 Manhuaçu";44853;46316;91169
"313950 Manhumirim";11251;11551;22802
"313960 Mantena";13339;14308;27647
"313980 Mar de Espanha";6323;6578;12901
"313970 Maravilhas";4107;3939;8046
"313990 Maria da Fé";7073;6983;14056
"314000 Mariana";30263;31025;61288
"314010 Marilac";2005;2092;4097
"314015 Mário Campos";7841;7778;15619
"314020 Maripá de Minas";1462;1525;2987
"314030 Marliéria";1989;2045;4034
"314040 Marmelópolis";1367;1361;2728
"314050 Martinho Campos";6806;6637;13443
"314053 Martins Soares";4333;4198;8531
"314055 Mata Verde";4599;4045;8644
"314060 Materlândia";2194;2242;4436
"314070 Mateus Leme";15545;15819;31364
"317150 Mathias Lobato";1586;1593;3179
"314080 Matias Barbosa";7175;7373;14548
"314085 Matias Cardoso";5806;5454;11260
"314090 Matipó";9371;9634;19005
"314100 Mato Verde";6139;6273;12412
"314110 Matozinhos";18779;19372;38151
"314120 Matutina";1768;1973;3741
"314130 Medeiros";2012;1820;3832
"314140 Medina";10290;10469;20759
"314150 Mendes Pimentel";3262;3184;6446
"314160 Mercês";5379;5379;10758
"314170 Mesquita";2784;2762;5546
"314180 Minas Novas";15903;15594;31497
"314190 Minduri";1913;1980;3893
"314200 Mirabela";6917;6703;13620
"314210 Miradouro";5530;5257;10787
"314220 Miraí";7698;7413;15111
"314225 Miravânia";2478;2436;4914
"314230 Moeda";2487;2447;4934
"314240 Moema";3808;3746;7554
"314250 Monjolos";1142;1060;2202
"314260 Monsenhor Paulo";4486;4241;8727
"314270 Montalvânia";7463;7284;14747
"314280 Monte Alegre de Minas";10948;10288;21236
"314290 Monte Azul";10289;10407;20696
"314300 Monte Belo";6861;6291;13152
"314310 Monte Carmelo";24032;23899;47931
"314315 Monte Formoso";2608;2315;4923
"314320 Monte Santo de Minas";10749;10764;21513
"314340 Monte Sião";12089;11940;24029
"314330 Montes Claros";199580;213907;413487
"314345 Montezuma";4278;4037;8315
"314350 Morada Nova de Minas";4533;4377;8910
"314360 Morro da Garça";1250;1187;2437
"314370 Morro do Pilar";1618;1535;3153
"314380 Munhoz";3075;2919;5994
"314390 Muriaé";53154;56238;109392
"314400 Mutum";13672;13289;26961
"314410 Muzambinho";10340;10205;20545
"314420 Nacip Raydan";1656;1564;3220
"314430 Nanuque";20021;20644;40665
"314435 Naque";3591;3460;7051
"314437 Natalândia";1703;1605;3308
"314440 Natércia";2445;2283;4728
"314450 Nazareno";4585;4075;8660
"314460 Nepomuceno";13421;13405;26826
"314465 Ninheira";5280;5046;10326
"314467 Nova Belém";1540;1588;3128
"314470 Nova Era";8310;9241;17551
"314480 Nova Lima";46284;49873;96157
"314490 Nova Módica";1759;1814;3573
"314500 Nova Ponte";8466;7334;15800
"314505 Nova Porteirinha";3818;3679;7497
"314510 Nova Resende";8948;7884;16832
"314520 Nova Serrana";55222;50298;105520
"313660 Nova União";2904;2828;5732
"314530 Novo Cruzeiro";15640;15695;31335
"314535 Novo Oriente de Minas";5677;5101;10778
"314537 Novorizonte";2717;2607;5324
"314540 Olaria";919;801;1720
"314545 Olhos-d'Água";3218;2953;6171
"314550 Olímpio Noronha";1449;1360;2809
"314560 Oliveira";20389;21451;41840
"314570 Oliveira Fortes";1083;1047;2130
"314580 Onça de Pitangui";1588;1564;3152
"314585 Oratórios";2313;2350;4663
"314587 Orizânia";4106;3973;8079
"314590 Ouro Branco";20057;19810;39867
"314600 Ouro Fino";16992;16799;33791
"314610 Ouro Preto";36205;38353;74558
"314620 Ouro Verde de Minas";3003;2911;5914
"314625 Padre Carvalho";3407;3016;6423
"314630 Padre Paraíso";9959;10293;20252
"314655 Pai Pedro";3058;3036;6094
"314640 Paineiras";2246;2216;4462
"314650 Pains";4182;4114;8296
"314660 Paiva";747;776;1523
"314670 Palma";3404;3207;6611
"314675 Palmópolis";2818;2531;5349
"314690 Papagaios";8061;7739;15800
"314710 Pará de Minas";47269;47539;94808
"314700 Paracatu";46889;46973;93862
"314720 Paraguaçu";10922;10683;21605
"314730 Paraisópolis";10824;10397;21221
"314740 Paraopeba";12172;12528;24700
"314760 Passa Quatro";8109;8284;16393
"314770 Passa Tempo";4093;3964;8057
"314780 Passa-Vinte";1052;979;2031
"314750 Passabém";799;834;1633
"314790 Passos";57094;58243;115337
"314795 Patis";3144;2858;6002
"314800 Patos de Minas";75017;78568;153585
"314810 Patrocínio";46929;44520;91449
"314820 Patrocínio do Muriaé";2903;2812;5715
"314830 Paula Cândido";4849;4735;9584
"314840 Paulistas";2359;2453;4812
"314850 Pavão";4358;4061;8419
"314860 Peçanha";8755;8782;17537
"314870 Pedra Azul";12034;12295;24329
"314875 Pedra Bonita";3716;3412;7128
"314880 Pedra do Anta";1491;1514;3005
"314890 Pedra do Indaiá";2019;1955;3974
"314900 Pedra Dourada";1306;1226;2532
"314910 Pedralva";5667;5479;11146
"314915 Pedras de Maria da Cruz";6224;5988;12212
"314920 Pedrinópolis";1892;1751;3643
"314930 Pedro Leopoldo";31641;33071;64712
"314940 Pedro Teixeira";963;843;1806
"314950 Pequeri";1641;1689;3330
"314960 Pequi";2203;2229;4432
"314970 Perdigão";6054;5701;11755
"314980 Perdizes";8456;7865;16321
"314990 Perdões";10596;10889;21485
"314995 Periquito";3347;3426;6773
"315000 Pescador";2099;2157;4256
"315010 Piau";1408;1325;2733
"315015 Piedade de Caratinga";4440;4262;8702
"315020 Piedade de Ponte Nova";2033;2107;4140
"315030 Piedade do Rio Grande";2217;2249;4466
"315040 Piedade dos Gerais";2611;2398;5009
"315050 Pimenta";4492;4196;8688
"315053 Pingo-d'Água";2456;2530;4986
"315057 Pintópolis";3948;3576;7524
"315060 Piracema";3243;3155;6398
"315070 Pirajuba";3642;2706;6348
"315080 Piranga";8956;8678;17634
"315090 Piranguçu";2860;2628;5488
"315100 Piranguinho";4364;4276;8640
"315110 Pirapetinga";5229;5543;10772
"315120 Pirapora";28020;28620;56640
"315130 Piraúba";5352;5407;10759
"315140 Pitangui";14099;14116;28215
"315150 Piumhi";17437;17481;34918
"315160 Planura";6527;5765;12292
"315170 Poço Fundo";8668;8178;16846
"315180 Poços de Caldas";81280;87361;168641
"315190 Pocrane";4214;4145;8359
"315200 Pompéu";16098;15937;32035
"315210 Ponte Nova";28823;31052;59875
"315213 Ponto Chique";2159;2124;4283
"315217 Ponto dos Volantes";6262;5917;12179
"315220 Porteirinha";19020;18844;37864
"315230 Porto Firme";5794;5554;11348
"315240 Poté";8310;8306;16616
"315250 Pouso Alegre";75763;76786;152549
"315260 Pouso Alto";2957;2943;5900
"315270 Prados";4548;4532;9080
"315280 Prata";14556;13461;28017
"315290 Pratápolis";4310;4256;8566
"315300 Pratinha";1912;1719;3631
"315310 Presidente Bernardes";2703;2638;5341
"315320 Presidente Juscelino";1848;1758;3606
"315330 Presidente Kubitschek";1520;1481;3001
"315340 Presidente Olegário";10110;9517;19627
"315360 Prudente de Morais";5301;5533;10834
"315370 Quartel Geral";1848;1736;3584
"315380 Queluzito";1010;933;1943
"315390 Raposos";7854;8575;16429
"315400 Raul Soares";11710;12001;23711
"315410 Recreio";5154;5366;10520
"315415 Reduto";3715;3486;7201
"315420 Resende Costa";5656;5884;11540
"315430 Resplendor";8564;8832;17396
"315440 Ressaquinha";2454;2363;4817
"315445 Riachinho";4230;3904;8134
"315450 Riacho dos Machados";4878;4598;9476
"315460 Ribeirão das Neves";166820;171377;338197
"315470 Ribeirão Vermelho";1955;2092;4047
"315480 Rio Acima";5138;5282;10420
"315490 Rio Casca";6527;6946;13473
"315510 Rio do Prado";2630;2503;5133
"315500 Rio Doce";1337;1283;2620
"315520 Rio Espera";2694;2708;5402
"315530 Rio Manso";3080;2799;5879
"315540 Rio Novo";4487;4470;8957
"315550 Rio Paranaíba";6154;6181;12335
"315560 Rio Pardo de Minas";16044;15001;31045
"315570 Rio Piracicaba";6993;7339;14332
"315580 Rio Pomba";8958;9001;17959
"315590 Rio Preto";2722;2763;5485
"315600 Rio Vermelho";6198;6541;12739
"315610 Ritápolis";2233;2329;4562
"315620 Rochedo de Minas";1187;1133;2320
"315630 Rodeiro";4130;4094;8224
"315640 Romaria";1794;1726;3520
"315645 Rosário da Limeira";2368;2254;4622
"315650 Rubelita";3041;2757;5798
"315660 Rubim";5305;4951;10256
"315670 Sabará";65618;71507;137125
"315680 Sabinópolis";7591;7825;15416
"315690 Sacramento";13485;12889;26374
"315700 Salinas";20563;21136;41699
"315710 Salto da Divisa";3626;3386;7012
"315720 Santa Bárbara";15571;16033;31604
"315725 Santa Bárbara do Leste";4162;4019;8181
"315727 Santa Bárbara do Monte Verde";1668;1514;3182
"315730 Santa Bárbara do Tugúrio";2209;2198;4407
"315733 Santa Cruz de Minas";4153;4511;8664
"315737 Santa Cruz de Salinas";2156;1951;4107
"315740 Santa Cruz do Escalvado";2374;2351;4725
"315750 Santa Efigênia de Minas";2117;2264;4381
"315760 Santa Fé de Minas";2000;1826;3826
"315765 Santa Helena de Minas";3219;3167;6386
"315770 Santa Juliana";7380;6875;14255
"315780 Santa Luzia";106211;114233;220444
"315790 Santa Margarida";8167;8135;16302
"315800 Santa Maria de Itabira";5383;5474;10857
"315810 Santa Maria do Salto";2698;2519;5217
"315820 Santa Maria do Suaçuí";7355;7256;14611
"315920 Santa Rita de Caldas";4555;4369;8924
"315940 Santa Rita de Ibitipoca";1769;1633;3402
"315930 Santa Rita de Jacutinga";2464;2399;4863
"315935 Santa Rita de Minas";3716;3552;7268
"315950 Santa Rita do Itueto";2783;2674;5457
"315960 Santa Rita do Sapucaí";22073;21680;43753
"315970 Santa Rosa da Serra";1768;1589;3357
"315980 Santa Vitória";10381;9491;19872
"315830 Santana da Vargem";3433;3640;7073
"315840 Santana de Cataguases";1926;1965;3891
"315850 Santana de Pirapama";3875;3714;7589
"315860 Santana do Deserto";1924;2057;3981
"315870 Santana do Garambéu";1300;1176;2476
"315880 Santana do Jacaré";2464;2370;4834
"315890 Santana do Manhuaçu";4426;4241;8667
"315895 Santana do Paraíso";17749;17620;35369
"315900 Santana do Riacho";2158;2157;4315
"315910 Santana dos Montes";1919;1846;3765
"315990 Santo Antônio do Amparo";9223;9390;18613
"316000 Santo Antônio do Aventureiro";1840;1762;3602
"316010 Santo Antônio do Grama";1941;1945;3886
"316020 Santo Antônio do Itambé";1858;1941;3799
"316030 Santo Antônio do Jacinto";5957;5647;11604
"316040 Santo Antônio do Monte";14535;13892;28427
"316045 Santo Antônio do Retiro";3721;3576;7297
"316050 Santo Antônio do Rio Abaixo";898;862;1760
"316060 Santo Hipólito";1549;1516;3065
"316070 Santos Dumont";22527;23894;46421
"316080 São Bento Abade";2800;2549;5349
"316090 São Brás do Suaçuí";1834;1920;3754
"316095 São Domingos das Dores";2824;2834;5658
"316100 São Domingos do Prata";8470;8857;17327
"316105 São Félix de Minas";1695;1667;3362
"316110 São Francisco";28657;27820;56477
"316120 São Francisco de Paula";3264;3256;6520
"316130 São Francisco de Sales";3218;3056;6274
"316140 São Francisco do Glória";2471;2329;4800
"316150 São Geraldo";6571;5991;12562
"316160 São Geraldo da Piedade";1892;2018;3910
"316165 São Geraldo do Baixio";2075;1984;4059
"316170 São Gonçalo do Abaeté";4365;4094;8459
"316180 São Gonçalo do Pará";6470;6127;12597
"316190 São Gonçalo do Rio Abaixo";5537;5482;11019
"312550 São Gonçalo do Rio Preto";1532;1641;3173
"316200 São Gonçalo do Sapucaí";12814;12747;25561
"316210 São Gotardo";17947;17835;35782
"316220 São João Batista do Glória";3767;3731;7498
"316225 São João da Lagoa";2568;2364;4932
"316230 São João da Mata";1409;1337;2746
"316240 São João da Ponte";12968;12130;25098
"316245 São João das Missões";6845;6280;13125
"316250 São João del Rei";43327;47170;90497
"316255 São João do Manhuaçu";6000;5674;11674
"316257 São João do Manteninha";2915;3003;5918
"316260 São João do Oriente";3629;3815;7444
"316265 São João do Pacuí";2247;2201;4448
"316270 São João do Paraíso";12142;11567;23709
"316280 São João Evangelista";7806;7961;15767
"316290 São João Nepomuceno";12932;13515;26447
"316292 São Joaquim de Bicas";18247;13901;32148
"316294 São José da Barra";3867;3613;7480
"316295 São José da Lapa";11948;12187;24135
"316300 São José da Safira";2116;2164;4280
"316310 São José da Varginha";2564;2515;5079
"316320 São José do Alegre";2061;2149;4210
"316330 São José do Divino";1944;1912;3856
"316340 São José do Goiabal";2622;2765;5387
"316350 São José do Jacuri";3233;3198;6431
"316360 São José do Mantimento";1375;1431;2806
"316370 São Lourenço";21794;24408;46202
"316380 São Miguel do Anta";3524;3420;6944
"316390 São Pedro da União";2432;2178;4610
"316410 São Pedro do Suaçuí";2617;2585;5202
"316400 São Pedro dos Ferros";3784;3922;7706
"316420 São Romão";6533;5996;12529
"316430 São Roque de Minas";3670;3406;7076
"316440 São Sebastião da Bela Vista";2895;2657;5552
"316443 São Sebastião da Vargem Alegre";1599;1425;3024
"316447 São Sebastião do Anta";3307;3320;6627
"316450 São Sebastião do Maranhão";5016;4947;9963
"316460 São Sebastião do Oeste";3636;3227;6863
"316470 São Sebastião do Paraíso";35303;36142;71445
"316480 São Sebastião do Rio Preto";699;793;1492
"316490 São Sebastião do Rio Verde";1118;1132;2250
"316520 São Thomé das Letras";3808;3312;7120
"316500 São Tiago";5517;5443;10960
"316510 São Tomás de Aquino";3499;3501;7000
"316530 São Vicente de Minas";3769;4046;7815
"316540 Sapucaí-Mirim";3561;3428;6989
"316550 Sardoá";3133;3228;6361
"316553 Sarzedo";16618;16795;33413
"316556 Sem-Peixe";1302;1304;2606
"316557 Senador Amaral";2858;2503;5361
"316560 Senador Cortes";994;1009;2003
"316570 Senador Firmino";3968;3890;7858
"316580 Senador José Bento";772;689;1461
"316590 Senador Modestino Gonçalves";2027;2078;4105
"316600 Senhora de Oliveira";2905;2881;5786
"316610 Senhora do Porto";1800;1719;3519
"316620 Senhora dos Remédios";5201;5266;10467
"316630 Sericita";3760;3573;7333
"316640 Seritinga";986;868;1854
"316650 Serra Azul de Minas";2129;2163;4292
"316660 Serra da Saudade";420;356;776
"316680 Serra do Salitre";5944;5724;11668
"316670 Serra dos Aimorés";4425;4288;8713
"316690 Serrania";3788;3880;7668
"316695 Serranópolis de Minas";2447;2362;4809
"316700 Serranos";984;972;1956
"316710 Serro";10523;10417;20940
"316720 Sete Lagoas";117583;124252;241835
"316555 Setubinha";6169;6209;12378
"316730 Silveirânia";1184;1080;2264
"316740 Silvianópolis";3278;2970;6248
"316750 Simão Pereira";1249;1369;2618
"316760 Simonésia";10320;9416;19736
"316770 Sobrália";2683;2831;5514
"316780 Soledade de Minas";3128;3061;6189
"316790 Tabuleiro";1880;1828;3708
"316800 Taiobeiras";17028;17369;34397
"316805 Taparuba";1596;1505;3101
"316810 Tapira";2600;2232;4832
"316820 Tapiraí";1006;866;1872
"316830 Taquaraçu de Minas";2163;1936;4099
"316840 Tarumirim";7185;7117;14302
"316850 Teixeiras";5653;6017;11670
"316860 Teófilo Otoni";67750;73187;140937
"316870 Timóteo";43679;46889;90568
"316880 Tiradentes";3990;4082;8072
"316890 Tiros";3234;3190;6424
"316900 Tocantins";8294;8421;16715
"316905 Tocos do Moji";2268;1841;4109
"316910 Toledo";3319;2978;6297
"316920 Tombos";3903;3947;7850
"316930 Três Corações";39782;40250;80032
"316935 Três Marias";16550;16166;32716
"316940 Três Pontas";27987;28953;56940
"316950 Tumiritinga";3427;3338;6765
"316960 Tupaciguara";12774;12624;25398
"316970 Turmalina";10190;9935;20125
"316980 Turvolândia";2579;2491;5070
"316990 Ubá";58046;58751;116797
"317000 Ubaí";6457;6142;12599
"317005 Ubaporanga";6307;6186;12493
"317010 Uberaba";166173;170919;337092
"317020 Uberlândia";341922;357175;699097
"317030 Umburatiba";1311;1285;2596
"317040 Unaí";42853;42077;84930
"317043 União de Minas";2362;1922;4284
"317047 Uruana de Minas";1596;1664;3260
"317050 Urucânia";5108;5237;10345
"317052 Urucuia";8817;8356;17173
"317057 Vargem Alegre";3275;3195;6470
"317060 Vargem Bonita";1153;995;2148
"317065 Vargem Grande do Rio Pardo";2600;2426;5026
"317070 Varginha";66218;70384;136602
"317075 Varjão de Minas";3722;3416;7138
"317080 Várzea da Palma";20401;19402;39803
"317090 Varzelândia";9967;9338;19305
"317100 Vazante";10400;10242;20642
"317103 Verdelândia";4835;4608;9443
"317107 Veredinha";2996;2731;5727
"317110 Veríssimo";2032;2013;4045
"317115 Vermelho Novo";2494;2352;4846
"317120 Vespasiano";62744;67021;129765
"317130 Viçosa";38331;41057;79388
"317140 Vieiras";1848;1741;3589
"317160 Virgem da Lapa";6886;6854;13740
"317170 Virgínia";4308;4355;8663
"317180 Virginópolis";5169;5315;10484
"317190 Virgolândia";2598;2742;5340
"317200 Visconde do Rio Branco";21411;21554;42965
"317210 Volta Grande";2508;2753;5261
"317220 Wenceslau Braz";1292;1256;2548
"320010 Afonso Cláudio";15276;15179;30455
"320016 Água Doce do Norte";5476;5433;10909
"320013 Águia Branca";4976;4655;9631
"320020 Alegre";14802;15173;29975
"320030 Alfredo Chaves";7397;7239;14636
"320035 Alto Rio Novo";3873;4001;7874
"320040 Anchieta";14952;14827;29779
"320050 Apiacá";3801;3753;7554
"320060 Aracruz";51565;51536;103101
"320070 Atilio Vivacqua";6163;5942;12105
"320080 Baixo Guandu";15177;15955;31132
"320090 Barra de São Francisco";22594;22385;44979
"320100 Boa Esperança";7707;7385;15092
"320110 Bom Jesus do Norte";4824;5138;9962
"320115 Brejetuba";6464;5963;12427
"320120 Cachoeiro de Itapemirim";103161;107428;210589
"320130 Cariacica";186219;197698;383917
"320140 Castelo";18768;18979;37747
"320150 Colatina";60022;63378;123400
"320160 Conceição da Barra";15624;15649;31273
"320170 Conceição do Castelo";6539;6267;12806
"320180 Divino de São Lourenço";2200;2070;4270
"320190 Domingos Martins";17022;16964;33986
"320200 Dores do Rio Preto";3395;3376;6771
"320210 Ecoporanga";11412;11423;22835
"320220 Fundão";10934;11014;21948
"320225 Governador Lindenberg";6762;6118;12880
"320230 Guaçuí";15363;15759;31122
"320240 Guarapari";61101;65600;126701
"320245 Ibatiba";13299;13127;26426
"320250 Ibiraçu";6235;6356;12591
"320255 Ibitirama";4532;4327;8859
"320260 Iconha";7136;6837;13973
"320265 Irupi";6879;6647;13526
"320270 Itaguaçu";7107;6916;14023
"320280 Itapemirim";17266;17390;34656
"320290 Itarana";5209;5285;10494
"320300 Iúna";14627;14663;29290
"320305 Jaguaré";15518;15521;31039
"320310 Jerônimo Monteiro";5916;6349;12265
"320313 João Neiva";8236;8486;16722
"320316 Laranja da Terra";5606;5327;10933
"320320 Linhares";88779;87909;176688
"320330 Mantenópolis";7716;7787;15503
"320332 Marataízes";19088;19795;38883
"320334 Marechal Floriano";8494;8426;16920
"320335 Marilândia";6456;6507;12963
"320340 Mimoso do Sul";13084;13031;26115
"320350 Montanha";9553;9341;18894
"320360 Mucurici";2804;2692;5496
"320370 Muniz Freire";8696;8623;17319
"320380 Muqui";7870;7656;15526
"320390 Nova Venécia";25346;25088;50434
"320400 Pancas";11919;11387;23306
"320405 Pedro Canário";13262;13119;26381
"320410 Pinheiros";13797;13530;27327
"320420 Piúma";10784;11269;22053
"320425 Ponto Belo";3917;4023;7940
"320430 Presidente Kennedy";5892;5766;11658
"320435 Rio Bananal";9999;9272;19271
"320440 Rio Novo do Sul";5853;5773;11626
"320450 Santa Leopoldina";6378;5819;12197
"320455 Santa Maria de Jetibá";21041;19974;41015
"320460 Santa Teresa";11776;11948;23724
"320465 São Domingos do Norte";4528;4159;8687
"320470 São Gabriel da Palha";19257;19265;38522
"320480 São José do Calçado";5217;5329;10546
"320490 São Mateus";65545;67097;132642
"320495 São Roque do Canaã";6257;6253;12510
"320500 Serra";259672;267568;527240
"320501 Sooretama";15678;15002;30680
"320503 Vargem Alta";10852;10739;21591
"320506 Venda Nova do Imigrante";12872;12873;25745
"320510 Viana";41161;38339;79500
"320515 Vila Pavão";4822;4422;9244
"320517 Vila Valério";7309;6764;14073
"320520 Vila Velha";242002;259323;501325
"320530 Vitória";171803;194052;365855
"330010 Angra dos Reis";103588;103456;207044
"330015 Aperibé";5958;5943;11901
"330020 Araruama";64577;69716;134293
"330022 Areal";6308;6361;12669
"330023 Armação dos Búzios";17060;17417;34477
"330025 Arraial do Cabo";14934;15659;30593
"330030 Barra do Piraí";48141;52623;100764
"330040 Barra Mansa";89117;95716;184833
"330045 Belford Roxo";248623;264495;513118
"330050 Bom Jardim";13876;13740;27616
"330060 Bom Jesus do Itabapoana";18063;19140;37203
"330070 Cabo Frio";110955;119423;230378
"330080 Cachoeiras de Macacu";29417;29886;59303
"330090 Cambuci";7707;7807;15514
"330100 Campos dos Goytacazes";247646;263522;511168
"330110 Cantagalo";10073;10095;20168
"330093 Carapebus";8374;8212;16586
"330115 Cardoso Moreira";6406;6415;12821
"330120 Carmo";9329;9701;19030
"330130 Casimiro de Abreu";22214;22827;45041
"330095 Comendador Levy Gasparian";4290;4286;8576
"330140 Conceição de Macabu";11736;11662;23398
"330150 Cordeiro";10469;11572;22041
"330160 Duas Barras";5790;5738;11528
"330170 Duque de Caxias";445207;479417;924624
"330180 Engenheiro Paulo de Frontin";6832;7239;14071
"330185 Guapimirim";30006;31382;61388
"330187 Iguaba Grande";13738;15099;28837
"330190 Itaboraí";117498;125045;242543
"330200 Itaguaí";68290;66529;134819
"330205 Italva";7480;7819;15299
"330210 Itaocara";11359;11863;23222
"330220 Itaperuna";50587;53213;103800
"330225 Itatiaia";15925;16139;32064
"330227 Japeri";54243;51305;105548
"330230 Laje do Muriaé";3708;3618;7326
"330240 Macaé";131197;130304;261501
"330245 Macuco";2713;2910;5623
"330250 Magé";119698;126735;246433
"330260 Mangaratiba";22062;23158;45220
"330270 Maricá";80683;83821;164504
"330280 Mendes";8959;9689;18648
"330285 Mesquita";83402;93167;176569
"330290 Miguel Pereira";12057;13524;25581
"330300 Miracema";13243;13911;27154
"330310 Natividade";7660;7651;15311
"330320 Nilópolis";76012;86681;162693
"330330 Niterói";239108;276209;515317
"330340 Nova Friburgo";91076;100082;191158
"330350 Nova Iguaçu";393586;429716;823302
"330360 Paracambi";27452;25231;52683
"330370 Paraíba do Sul";21386;23132;44518
"330380 Paraty";22097;21583;43680
"330385 Paty do Alferes";13494;14364;27858
"330390 Petrópolis";145496;161182;306678
"330395 Pinheiral";12260;13104;25364
"330400 Piraí";14442;15103;29545
"330410 Porciúncula";9558;9402;18960
"330411 Porto Real";9893;10081;19974
"330412 Quatis";6936;7499;14435
"330414 Queimados";73049;78286;151335
"330415 Quissamã";12363;12763;25126
"330420 Resende";64590;67722;132312
"330430 Rio Bonito";29634;30939;60573
"330440 Rio Claro";9377;9228;18605
"330450 Rio das Flores";4637;4707;9344
"330452 Rio das Ostras";76792;78401;155193
"330455 Rio de Janeiro";3179292;3568523;6747815
"330460 Santa Maria Madalena";5361;5031;10392
"330470 Santo Antônio de Pádua";20962;21632;42594
"330480 São Fidélis";19130;19580;38710
"330475 São Francisco de Itabapoana";21152;21058;42210
"330490 São Gonçalo";517384;574353;1091737
"330500 São João da Barra";18229;18194;36423
"330510 São João de Meriti";224411;248495;472906
"330513 São José de Ubá";3553;3653;7206
"330515 São José do Vale do Rio Preto";11056;10860;21916
"330520 São Pedro da Aldeia";52114;53935;106049
"330530 São Sebastião do Alto";4769;4618;9387
"330540 Sapucaia";9246;9003;18249
"330550 Saquarema";44894;45689;90583
"330555 Seropédica";40897;42195;83092
"330560 Silva Jardim";11002;10772;21774
"330570 Sumidouro";8093;7574;15667
"330575 Tanguá";17331;17279;34610
"330580 Teresópolis";87779;96461;184240
"330590 Trajano de Moraes";5469;5171;10640
"330600 Três Rios";39169;42973;82142
"330610 Valença";36956;39913;76869
"330615 Varre-Sai";5537;5569;11106
"330620 Vassouras";17615;19468;37083
"330630 Volta Redonda";130434;143554;273988
"350010 Adamantina";17085;18026;35111
"350020 Adolfo";1754;1800;3554
"350030 Aguaí";18756;17892;36648
"350040 Águas da Prata";4075;4146;8221
"350050 Águas de Lindóia";9207;9601;18808
"350055 Águas de Santa Bárbara";3012;3097;6109
"350060 Águas de São Pedro";1679;1842;3521
"350070 Agudos";18592;18809;37401
"350075 Alambari";3082;3047;6129
"350080 Alfredo Marcondes";2159;2025;4184
"350090 Altair";2263;1923;4186
"350100 Altinópolis";8099;8104;16203
"350110 Alto Alegre";2103;1985;4088
"350115 Alumínio";9538;9229;18767
"350120 Álvares Florence";1866;1781;3647
"350130 Álvares Machado";12331;12667;24998
"350140 Álvaro de Carvalho";3396;1878;5274
"350150 Alvinlândia";1580;1657;3237
"350160 Americana";118796;123222;242018
"350170 Américo Brasiliense";20555;20477;41032
"350180 Américo de Campos";3032;2949;5981
"350190 Amparo";35749;36928;72677
"350200 Analândia";2600;2456;5056
"350210 Andradina";28331;28871;57202
"350220 Angatuba";12867;12612;25479
"350230 Anhembi";3547;3272;6819
"350240 Anhumas";2026;2118;4144
"350250 Aparecida";17310;18875;36185
"350260 Aparecida d'Oeste";2044;2114;4158
"350270 Apiaí";12130;12096;24226
"350275 Araçariguama";11661;11199;22860
"350280 Araçatuba";95896;102233;198129
"350290 Araçoiaba da Serra";17424;17352;34776
"350300 Aramina";2828;2827;5655
"350310 Arandu";3197;3168;6365
"350315 Arapeí";1252;1208;2460
"350320 Araraquara";114999;123340;238339
"350330 Araras";66691;68815;135506
"350335 Arco-Íris";868;905;1773
"350340 Arealva";4405;4208;8613
"350350 Areias";1930;1966;3896
"350360 Areiópolis";5819;5339;11158
"350370 Ariranha";5003;4758;9761
"350380 Artur Nogueira";27827;27513;55340
"350390 Arujá";44842;46315;91157
"350395 Aspásia";902;916;1818
"350400 Assis";51644;53443;105087
"350410 Atibaia";70494;73594;144088
"350420 Auriflama";7678;7575;15253
"350430 Avaí";2682;2754;5436
"350440 Avanhandava";8297;5562;13859
"350450 Avaré";45269;45963;91232
"350460 Bady Bassitt";8762;8999;17761
"350470 Balbinos";5600;334;5934
"350480 Bálsamo";4445;4694;9139
"350490 Bananal";5450;5543;10993
"350500 Barão de Antonina";1795;1703;3498
"350510 Barbosa";3824;3644;7468
"350520 Bariri";17932;17626;35558
"350530 Barra Bonita";17447;18679;36126
"350535 Barra do Chapéu";3037;2723;5760
"350540 Barra do Turvo";3967;3665;7632
"350550 Barretos";59407;63426;122833
"350560 Barrinha";16656;16524;33180
"350570 Barueri";133705;143277;276982
"350580 Bastos";10290;10663;20953
"350590 Batatais";30975;32005;62980
"350600 Bauru";183674;195623;379297
"350610 Bebedouro";37575;39980;77555
"350620 Bento de Abreu";1537;1468;3005
"350630 Bernardino de Campos";5464;5694;11158
"350635 Bertioga";31716;33007;64723
"350640 Bilac";4075;4042;8117
"350650 Birigui";61146;63737;124883
"350660 Biritiba-Mirim";16640;16296;32936
"350670 Boa Esperança do Sul";7575;7443;15018
"350680 Bocaina";6247;6205;12452
"350690 Bofete";5989;5932;11921
"350700 Boituva";31426;30744;62170
"350710 Bom Jesus dos Perdões";13206;12779;25985
"350715 Bom Sucesso de Itararé";2027;1957;3984
"350720 Borá";435;403;838
"350730 Boracéia";2456;2412;4868
"350740 Borborema";8236;7928;16164
"350745 Borebi";1304;1379;2683
"350750 Botucatu";72089;76041;148130
"350760 Bragança Paulista";83955;86578;170533
"350770 Braúna";2941;2800;5741
"350775 Brejo Alegre";1493;1396;2889
"350780 Brodowski";12456;12821;25277
"350790 Brotas";12179;12457;24636
"350800 Buri";10078;9887;19965
"350810 Buritama";8808;8473;17281
"350820 Buritizal";2339;2175;4514
"350830 Cabrália Paulista";2190;2053;4243
"350840 Cabreúva";25417;25012;50429
"350850 Caçapava";47214;47804;95018
"350860 Cachoeira Paulista";16486;17095;33581
"350870 Caconde";9477;9532;19009
"350880 Cafelândia";8827;9016;17843
"350890 Caiabu";2161;2032;4193
"350900 Caieiras";49920;52855;102775
"350910 Caiuá";3198;2748;5946
"350920 Cajamar";38783;39151;77934
"350925 Cajati";14265;14229;28494
"350930 Cajobi";5464;5132;10596
"350940 Cajuru";13150;13243;26393
"350945 Campina do Monte Alegre";3096;2961;6057
"350950 Campinas";585397;628395;1213792
"350960 Campo Limpo Paulista";41755;43786;85541
"350970 Campos do Jordão";25597;26808;52405
"350980 Campos Novos Paulista";2574;2423;4997
"350990 Cananéia";6301;6240;12541
"350995 Canas";2615;2589;5204
"351000 Cândido Mota";15307;16039;31346
"351010 Cândido Rodrigues";1406;1393;2799
"351015 Canitar";2684;2608;5292
"351020 Capão Bonito";23511;23607;47118
"351030 Capela do Alto";11070;9915;20985
"351040 Capivari";28623;27756;56379
"351050 Caraguatatuba";60912;62477;123389
"351060 Carapicuíba";195241;207942;403183
"351070 Cardoso";6179;6170;12349
"351080 Casa Branca";16245;14275;30520
"351090 Cássia dos Coqueiros";1263;1242;2505
"351100 Castilho";10737;10530;21267
"351110 Catanduva";59526;62971;122497
"351120 Catiguá";4010;3845;7855
"351130 Cedral";4677;4669;9346
"351140 Cerqueira César";10031;10160;20191
"351150 Cerquilho";24763;25039;49802
"351160 Cesário Lange";9547;8828;18375
"351170 Charqueada";9010;8357;17367
"355720 Chavantes";6175;6243;12418
"351190 Clementina";4589;4168;8757
"351200 Colina";9210;9325;18535
"351210 Colômbia";3163;3053;6216
"351220 Conchal";14429;13844;28273
"351230 Conchas";8987;9032;18019
"351240 Cordeirópolis";12621;12205;24826
"351250 Coroados";3076;3053;6129
"351260 Coronel Macedo";2382;2253;4635
"351270 Corumbataí";2057;2007;4064
"351280 Cosmópolis";36948;36526;73474
"351290 Cosmorama";3743;3555;7298
"351300 Cotia";124087;129521;253608
"351310 Cravinhos";17744;17835;35579
"351320 Cristais Paulista";4484;4234;8718
"351330 Cruzália";990;1056;2046
"351340 Cruzeiro";40284;42287;82571
"351350 Cubatão";65503;66123;131626
"351360 Cunha";10910;10549;21459
"351370 Descalvado";16711;17199;33910
"351380 Diadema";205400;221357;426757
"351385 Dirce Reis";935;864;1799
"351390 Divinolândia";5484;5602;11086
"351400 Dobrada";4613;4397;9010
"351410 Dois Córregos";13898;13614;27512
"351420 Dolcinópolis";1084;1028;2112
"351430 Dourado";4460;4418;8878
"351440 Dracena";23964;23079;47043
"351450 Duartina";6087;6346;12433
"351460 Dumont";5015;5008;10023
"351470 Echaporã";3001;3063;6064
"351480 Eldorado";7854;7690;15544
"351490 Elias Fausto";9381;8555;17936
"351492 Elisiário";1987;1710;3697
"351495 Embaúba";1289;1160;2449
"351500 Embu das Artes";133686;142849;276535
"351510 Embu-Guaçu";34762;35139;69901
"351512 Emilianópolis";1633;1594;3227
"351515 Engenheiro Coelho";11232;10017;21249
"351518 Espírito Santo do Pinhal";21746;22725;44471
"351519 Espírito Santo do Turvo";2414;2464;4878
"355730 Estiva Gerbi";5742;5665;11407
"351520 Estrela d'Oeste";4241;4178;8419
"351530 Estrela do Norte";1439;1331;2770
"351535 Euclides da Cunha Paulista";4736;4589;9325
"351540 Fartura";7762;8308;16070
"351560 Fernando Prestes";2862;2932;5794
"351550 Fernandópolis";33925;35477;69402
"351565 Fernão";882;845;1727
"351570 Ferraz de Vasconcelos";95512;100988;196500
"351580 Flora Rica";725;705;1430
"351590 Floreal";1438;1462;2900
"351600 Flórida Paulista";8789;6001;14790
"351610 Florínia";1301;1352;2653
"351620 Franca";173294;182607;355901
"351630 Francisco Morato";88294;89339;177633
"351640 Franco da Rocha";79623;76869;156492
"351650 Gabriel Monteiro";1398;1378;2776
"351660 Gália";3221;3261;6482
"351670 Garça";21584;22825;44409
"351680 Gastão Vidigal";2839;2021;4860
"351685 Gavião Peixoto";2427;2388;4815
"351690 General Salgado";5430;5432;10862
"351700 Getulina";6323;5124;11447
"351710 Glicério";2416;2413;4829
"351720 Guaiçara";6278;6016;12294
"351730 Guaimbê";2899;2886;5785
"351740 Guaíra";20260;20780;41040
"351750 Guapiaçu";11036;10739;21775
"351760 Guapiara";8634;8391;17025
"351770 Guará";10630;10678;21308
"351780 Guaraçaí";4120;4170;8290
"351790 Guaraci";5815;5472;11287
"351800 Guarani d'Oeste";937;1061;1998
"351810 Guarantã";3332;3343;6675
"351820 Guararapes";16312;16788;33100
"351830 Guararema";15108;15028;30136
"351840 Guaratinguetá";58868;63637;122505
"351850 Guareí";12938;5949;18887
"351860 Guariba";20522;19965;40487
"351870 Guarujá";156697;166053;322750
"351880 Guarulhos";676499;715622;1392121
"351885 Guatapará";3968;3741;7709
"351890 Guzolândia";2724;2583;5307
"351900 Herculândia";4825;4763;9588
"351905 Holambra";7690;7582;15272
"351907 Hortolândia";120044;114215;234259
"351910 Iacanga";6305;5553;11858
"351920 Iacri";3218;3077;6295
"351925 Iaras";7254;2263;9517
"351930 Ibaté";18466;17006;35472
"351940 Ibirá";6353;6165;12518
"351950 Ibirarema";3984;3857;7841
"351960 Ibitinga";30124;30476;60600
"351970 Ibiúna";40335;39144;79479
"351980 Icém";4262;4042;8304
"351990 Iepê";4099;4095;8194
"352000 Igaraçu do Tietê";12315;12434;24749
"352010 Igarapava";15386;15228;30614
"352020 Igaratá";4852;4731;9583
"352030 Iguape";15482;15507;30989
"352042 Ilha Comprida";5501;5861;11362
"352044 Ilha Solteira";13023;13765;26788
"352040 Ilhabela";17819;17772;35591
"352050 Indaiatuba";127876;128347;256223
"352060 Indiana";2460;2419;4879
"352070 Indiaporã";1891;1995;3886
"352080 Inúbia Paulista";2012;2007;4019
"352090 Ipaussu";7745;7324;15069
"352100 Iperó";20442;17522;37964
"352110 Ipeúna";4001;3686;7687
"352115 Ipiguá";2746;2730;5476
"352120 Iporanga";2122;2077;4199
"352130 Ipuã";8514;8090;16604
"352140 Iracemápolis";12329;12285;24614
"352150 Irapuã";4317;3731;8048
"352160 Irapuru";5405;2920;8325
"352170 Itaberá";8828;8652;17480
"352180 Itaí";15248;12134;27382
"352190 Itajobi";7759;7538;15297
"352200 Itaju";2077;1810;3887
"352210 Itanhaém";49297;53805;103102
"352215 Itaóca";1743;1587;3330
"352220 Itapecerica da Serra";90074;87588;177662
"352230 Itapetininga";83120;82406;165526
"352240 Itapeva";46934;47870;94804
"352250 Itapevi";118537;122424;240961
"352260 Itapira";37105;38129;75234
"352265 Itapirapuã Paulista";2195;2073;4268
"352270 Itápolis";21619;21712;43331
"352280 Itaporanga";7649;7524;15173
"352290 Itapuí";7118;7029;14147
"352300 Itapura";2567;2384;4951
"352310 Itaquaquecetuba";183718;191293;375011
"352320 Itararé";24927;25715;50642
"352330 Itariri";8793;8805;17598
"352340 Itatiba";60720;61861;122581
"352350 Itatinga";10759;10162;20921
"352360 Itirapina";11133;7254;18387
"352370 Itirapuã";3315;3228;6543
"352380 Itobi";4064;3788;7852
"352390 Itu";86647;88921;175568
"352400 Itupeva";31975;30838;62813
"352410 Ituverava";20490;21555;42045
"352420 Jaborandi";3483;3463;6946
"352430 Jaboticabal";37793;39859;77652
"352440 Jacareí";114468;120948;235416
"352450 Jaci";3651;3545;7196
"352460 Jacupiranga";9132;8757;17889
"352470 Jaguariúna";28984;29738;58722
"352480 Jales";24048;25153;49201
"352490 Jambeiro";3496;3221;6717
"352500 Jandira";61550;64806;126356
"352510 Jardinópolis";22734;22236;44970
"352520 Jarinu";15278;15339;30617
"352530 Jaú";74388;77493;151881
"352540 Jeriquara";1566;1585;3151
"352550 Joanópolis";6656;6682;13338
"352560 João Ramalho";2319;2232;4551
"352570 José Bonifácio";18785;18581;37366
"352580 Júlio Mesquita";2399;2401;4800
"352585 Jumirim";1742;1676;3418
"352590 Jundiaí";206113;216893;423006
"352600 Junqueirópolis";11236;9595;20831
"352610 Juquiá";9411;9307;18718
"352620 Juquitiba";16186;15460;31646
"352630 Lagoinha";2524;2365;4889
"352640 Laranjal Paulista";14245;14540;28785
"352650 Lavínia";10237;2048;12285
"352660 Lavrinhas";3634;3677;7311
"352670 Leme";52367;51979;104346
"352680 Lençóis Paulista";34292;34698;68990
"352690 Limeira";151454;157028;308482
"352700 Lindóia";3988;4104;8092
"352710 Lins";38527;39976;78503
"352720 Lorena";43108;46017;89125
"352725 Lourdes";1219;1081;2300
"352730 Louveira";25453;24540;49993
"352740 Lucélia";11928;9958;21886
"352750 Lucianópolis";1184;1219;2403
"352760 Luís Antônio";7944;7348;15292
"352770 Luiziânia";3117;2738;5855
"352780 Lupércio";2196;2400;4596
"352790 Lutécia";1307;1329;2636
"352800 Macatuba";8653;8561;17214
"352810 Macaubal";4165;3982;8147
"352820 Macedônia";1848;1844;3692
"352830 Magda";1602;1500;3102
"352840 Mairinque";23684;23757;47441
"352850 Mairiporã";52128;49809;101937
"352860 Manduri";4945;4965;9910
"352870 Marabá Paulista";4253;1695;5948
"352880 Maracaí";6983;7053;14036
"352885 Marapoama";1589;1475;3064
"352890 Mariápolis";2146;1945;4091
"352900 Marília";116011;124579;240590
"352910 Marinópolis";1055;1051;2106
"352920 Martinópolis";14032;12596;26628
"352930 Matão";41431;42195;83626
"352940 Mauá";234386;243166;477552
"352950 Mendonça";2853;2712;5565
"352960 Meridiano";1814;2010;3824
"352965 Mesópolis";974;931;1905
"352970 Miguelópolis";11222;11133;22355
"352980 Mineiros do Tietê";6449;6517;12966
"353000 Mira Estrela";1512;1594;3106
"352990 Miracatu";9861;9782;19643
"353010 Mirandópolis";16597;13109;29706
"353020 Mirante do Paranapanema";9356;8982;18338
"353030 Mirassol";29669;30634;60303
"353040 Mirassolândia";2539;2380;4919
"353050 Mococa";34294;34686;68980
"353060 Mogi das Cruzes";219280;231505;450785
"353070 Mogi Guaçu";75784;77249;153033
"353080 Mogi Mirim";45926;47724;93650
"353090 Mombuca";1781;1727;3508
"353100 Monções";1199;1068;2267
"353110 Mongaguá";28325;29323;57648
"353120 Monte Alegre do Sul";4047;4064;8111
"353130 Monte Alto";24889;25883;50772
"353140 Monte Aprazível";12803;12570;25373
"353150 Monte Azul Paulista";9461;9507;18968
"353160 Monte Castelo";2049;2117;4166
"353180 Monte Mor";30430;30324;60754
"353170 Monteiro Lobato";2504;2192;4696
"353190 Morro Agudo";17098;16190;33288
"353200 Morungaba";6913;6868;13781
"353205 Motuca";2374;2421;4795
"353210 Murutinga do Sul";2259;2247;4506
"353215 Nantes";1599;1580;3179
"353220 Narandiba";2519;2385;4904
"353230 Natividade da Serra";3517;3125;6642
"353240 Nazaré Paulista";9663;9035;18698
"353250 Neves Paulista";4409;4514;8923
"353260 Nhandeara";5759;5768;11527
"353270 Nipoã";2897;2401;5298
"353280 Nova Aliança";3541;3527;7068
"353282 Nova Campina";4968;4892;9860
"353284 Nova Canaã Paulista";951;901;1852
"353286 Nova Castilho";597;681;1278
"353290 Nova Europa";5650;5705;11355
"353300 Nova Granada";11031;10658;21689
"353310 Nova Guataporanga";1172;1153;2325
"353320 Nova Independência";2025;2028;4053
"353330 Nova Luzitânia";2244;1916;4160
"353340 Nova Odessa";30390;30566;60956
"353325 Novais";3324;2621;5945
"353350 Novo Horizonte";20988;20426;41414
"353360 Nuporanga";3722;3756;7478
"353370 Ocauçu";2192;2099;4291
"353380 Óleo";1236;1235;2471
"353390 Olímpia";27344;27786;55130
"353400 Onda Verde";2314;2108;4422
"353410 Oriente";3204;3338;6542
"353420 Orindiúva";3657;3537;7194
"353430 Orlândia";21722;22638;44360
"353440 Osasco";335359;364585;699944
"353450 Oscar Bressane";1226;1377;2603
"353460 Osvaldo Cruz";17026;15974;33000
"353470 Ourinhos";55480;58872;114352
"353480 Ouro Verde";4291;4329;8620
"353475 Ouroeste";5284;5255;10539
"353490 Pacaembu";8865;5398;14263
"353500 Palestina";6807;6316;13123
"353510 Palmares Paulista";7547;5939;13486
"353520 Palmeira d'Oeste";4594;4633;9227
"353530 Palmital";10868;11404;22272
"353540 Panorama";7899;7963;15862
"353550 Paraguaçu Paulista";23665;22280;45945
"353560 Paraibuna";9309;8954;18263
"353570 Paraíso";3324;3172;6496
"353580 Paranapanema";10263;10132;20395
"353590 Paranapuã";2115;1980;4095
"353600 Parapuã";5642;5307;10949
"353610 Pardinho";3282;3226;6508
"353620 Pariquera-Açu";9694;10029;19723
"353625 Parisi";1118;1051;2169
"353630 Patrocínio Paulista";7520;7287;14807
"353640 Paulicéia";3887;3567;7454
"353650 Paulínia";55447;56556;112003
"353657 Paulistânia";941;893;1834
"353660 Paulo de Faria";4519;4440;8959
"353670 Pederneiras";23783;23328;47111
"353680 Pedra Bela";3190;2920;6110
"353690 Pedranópolis";1277;1204;2481
"353700 Pedregulho";8575;8236;16811
"353710 Pedreira";24174;24289;48463
"353715 Pedrinhas Paulista";1513;1588;3101
"353720 Pedro de Toledo";5810;5611;11421
"353730 Penápolis";31417;32340;63757
"353740 Pereira Barreto";12746;12931;25677
"353750 Pereiras";4428;4345;8773
"353760 Peruíbe";33386;35615;69001
"353770 Piacatu";3064;2974;6038
"353780 Piedade";27844;27698;55542
"353790 Pilar do Sul";14900;14502;29402
"353800 Pindamonhangaba";83357;86775;170132
"353810 Pindorama";8907;8309;17216
"353820 Pinhalzinho";7663;7725;15388
"353830 Piquerobi";1821;1878;3699
"353850 Piquete";6587;6988;13575
"353860 Piracaia";13619;13843;27462
"353870 Piracicaba";199235;208017;407252
"353880 Piraju";14473;15396;29869
"353890 Pirajuí";14433;11286;25719
"353900 Pirangi";5814;5657;11471
"353910 Pirapora do Bom Jesus";9511;9667;19178
"353920 Pirapozinho";13719;14035;27754
"353930 Pirassununga";37714;39163;76877
"353940 Piratininga";6753;7012;13765
"353950 Pitangueiras";20452;19628;40080
"353960 Planalto";2787;2517;5304
"353970 Platina";1866;1712;3578
"353980 Poá";56947;61402;118349
"353990 Poloni";3091;3022;6113
"354000 Pompéia";10850;11322;22172
"354010 Pongaí";1752;1648;3400
"354020 Pontal";27729;23123;50852
"354025 Pontalinda";2489;2185;4674
"354030 Pontes Gestal";1326;1251;2577
"354040 Populina";2109;2043;4152
"354050 Porangaba";5113;4954;10067
"354060 Porto Feliz";27042;26360;53402
"354070 Porto Ferreira";28076;28428;56504
"354075 Potim";15374;9756;25130
"354080 Potirendaba";8904;8612;17516
"354085 Pracinha";3624;588;4212
"354090 Pradópolis";11289;10584;21873
"354100 Praia Grande";158237;172608;330845
"354105 Pratânia";2725;2592;5317
"354110 Presidente Alves";1980;2100;4080
"354120 Presidente Bernardes";6132;6891;13023
"354130 Presidente Epitácio";21591;22798;44389
"354140 Presidente Prudente";111052;119319;230371
"354150 Presidente Venceslau";19840;19743;39583
"354160 Promissão";20345;20483;40828
"354165 Quadra";2048;1806;3854
"354170 Quatá";7182;7028;14210
"354180 Queiroz";1788;1672;3460
"354190 Queluz";7189;6417;13606
"354200 Quintana";3263;3425;6688
"354210 Rafard";4466;4635;9101
"354220 Rancharia";14610;15116;29726
"354230 Redenção da Serra";1953;1886;3839
"354240 Regente Feijó";10140;10254;20394
"354250 Reginópolis";7069;2768;9837
"354260 Registro";27507;28886;56393
"354270 Restinga";3818;3861;7679
"354280 Ribeira";1727;1603;3330
"354290 Ribeirão Bonito";6693;6606;13299
"354300 Ribeirão Branco";8299;7912;16211
"354310 Ribeirão Corrente";2461;2291;4752
"354320 Ribeirão do Sul";2254;2285;4539
"354323 Ribeirão dos Índios";1076;1148;2224
"354325 Ribeirão Grande";3940;3739;7679
"354330 Ribeirão Pires";60657;63502;124159
"354340 Ribeirão Preto";343995;367830;711825
"354360 Rifaina";1796;1844;3640
"354370 Rincão";5475;5337;10812
"354380 Rinópolis";5059;4902;9961
"354390 Rio Claro";101599;106409;208008
"354400 Rio das Pedras";18133;17605;35738
"354410 Rio Grande da Serra";25660;25776;51436
"354420 Riolândia";7234;5455;12689
"354350 Riversul";2695;2748;5443
"354425 Rosana";7912;8369;16281
"354430 Roseira";5432;5369;10801
"354440 Rubiácea";1643;1519;3162
"354450 Rubinéia";1600;1570;3170
"354460 Sabino";2847;2767;5614
"354470 Sagres";1206;1224;2430
"354480 Sales";3310;3097;6407
"354490 Sales Oliveira";5917;6081;11998
"354500 Salesópolis";8808;8444;17252
"354510 Salmourão";2795;2542;5337
"354515 Saltinho";4164;4229;8393
"354520 Salto";58950;60786;119736
"354530 Salto de Pirapora";22918;22942;45860
"354540 Salto Grande";4639;4725;9364
"354550 Sandovalina";2281;2073;4354
"354560 Santa Adélia";7798;7763;15561
"354570 Santa Albertina";3123;2899;6022
"354580 Santa Bárbara d'Oeste";96180;98210;194390
"354600 Santa Branca";7394;7463;14857
"354610 Santa Clara d'Oeste";1114;999;2113
"354620 Santa Cruz da Conceição";2226;2318;4544
"354625 Santa Cruz da Esperança";1047;1106;2153
"354630 Santa Cruz das Palmeiras";17856;16881;34737
"354640 Santa Cruz do Rio Pardo";23512;24431;47943
"354650 Santa Ernestina";2722;2866;5588
"354660 Santa Fé do Sul";15776;16787;32563
"354670 Santa Gertrudes";13925;13456;27381
"354680 Santa Isabel";28980;28986;57966
"354690 Santa Lúcia";4351;4503;8854
"354700 Santa Maria da Serra";3137;3099;6236
"354710 Santa Mercedes";1502;1441;2943
"354740 Santa Rita d'Oeste";1228;1259;2487
"354750 Santa Rita do Passa Quatro";13406;14194;27600
"354760 Santa Rosa de Viterbo";13268;13485;26753
"354765 Santa Salete";813;739;1552
"354720 Santana da Ponte Pensa";766;701;1467
"354730 Santana de Parnaíba";69951;72350;142301
"354770 Santo Anastácio";10281;10585;20866
"354780 Santo André";346309;375059;721368
"354790 Santo Antônio da Alegria";3632;3345;6977
"354800 Santo Antônio de Posse";12006;11523;23529
"354805 Santo Antônio do Aracanguá";4273;4208;8481
"354810 Santo Antônio do Jardim";3027;2913;5940
"354820 Santo Antônio do Pinhal";3419;3408;6827
"354830 Santo Expedito";1555;1580;3135
"354840 Santópolis do Aguapeí";2449;2368;4817
"354850 Santos";198459;235197;433656
"354860 São Bento do Sapucaí";5523;5370;10893
"354870 São Bernardo do Campo";407789;436694;844483
"354880 São Caetano do Sul";74406;87551;161957
"354890 São Carlos";124780;129704;254484
"354900 São Francisco";1436;1381;2817
"354910 São João da Boa Vista";44303;47468;91771
"354920 São João das Duas Pontes";1262;1299;2561
"354925 São João de Iracema";961;971;1932
"354930 São João do Pau d'Alho";1078;1022;2100
"354940 São Joaquim da Barra";25688;26631;52319
"354950 São José da Bela Vista";4675;4285;8960
"354960 São José do Barreiro";2035;2109;4144
"354970 São José do Rio Pardo";27116;28008;55124
"354980 São José do Rio Preto";223847;241136;464983
"354990 São José dos Campos";357423;372314;729737
"354995 São Lourenço da Serra";8100;7878;15978
"355000 São Luís do Paraitinga";5453;5237;10690
"355010 São Manuel";20057;21066;41123
"355020 São Miguel Arcanjo";16863;16139;33002
"355030 São Paulo";5850836;6474396;12325232
"355040 São Pedro";17543;18437;35980
"355050 São Pedro do Turvo";3971;3725;7696
"355060 São Roque";45092;46968;92060
"355070 São Sebastião";44869;45459;90328
"355080 São Sebastião da Grama";6252;5907;12159
"355090 São Simão";7554;7831;15385
"355100 São Vicente";176285;192070;368355
"355110 Sarapuí";5295;5095;10390
"355120 Sarutaiá";1824;1806;3630
"355130 Sebastianópolis do Sul";1777;1777;3554
"355140 Serra Azul";10540;4441;14981
"355160 Serra Negra";14311;15141;29452
"355150 Serrana";22969;22675;45644
"355170 Sertãozinho";63131;64011;127142
"355180 Sete Barras";6511;6269;12780
"355190 Severínia";9189;8472;17661
"355200 Silveiras";3222;3117;6339
"355210 Socorro";20654;20698;41352
"355220 Sorocaba";337196;350161;687357
"355230 Sud Mennucci";3869;3859;7728
"355240 Sumaré";142068;144143;286211
"355255 Suzanápolis";2118;1896;4014
"355250 Suzano";147168;153391;300559
"355260 Tabapuã";6350;6135;12485
"355270 Tabatinga";8750;7894;16644
"355280 Taboão da Serra";140184;153468;293652
"355290 Taciba";3202;3127;6329
"355300 Taguaí";6997;7144;14141
"355310 Taiaçu";3212;3108;6320
"355320 Taiúva";2748;2816;5564
"355330 Tambaú";11542;11690;23232
"355340 Tanabi";13298;12803;26101
"355350 Tapiraí";3871;3895;7766
"355360 Tapiratiba";6447;6503;12950
"355365 Taquaral";1403;1410;2813
"355370 Taquaritinga";27973;29391;57364
"355380 Taquarituba";11622;11634;23256
"355385 Taquarivaí";2943;2968;5911
"355390 Tarabai";3718;3822;7540
"355395 Tarumã";7721;7462;15183
"355400 Tatuí";60956;62011;122967
"355410 Taubaté";156577;161338;317915
"355420 Tejupá";2287;2204;4491
"355430 Teodoro Sampaio";11693;11580;23273
"355440 Terra Roxa";4734;4703;9437
"355450 Tietê";21252;21265;42517
"355460 Timburi";1373;1279;2652
"355465 Torre de Pedra";1335;1087;2422
"355470 Torrinha";5079;4977;10056
"355475 Trabiju";846;892;1738
"355480 Tremembé";25573;22141;47714
"355490 Três Fronteiras";2932;2900;5832
"355495 Tuiuti";3590;3387;6977
"355500 Tupã";31940;33630;65570
"355510 Tupi Paulista";8947;6636;15583
"355520 Turiúba";1052;968;2020
"355530 Turmalina";847;849;1696
"355535 Ubarana";3266;3134;6400
"355540 Ubatuba";45407;46417;91824
"355550 Ubirajara";2493;2311;4804
"355560 Uchoa";5062;5089;10151
"355570 União Paulista";979;886;1865
"355580 Urânia";4567;4553;9120
"355590 Uru";576;577;1153
"355600 Urupês";6898;6990;13888
"355610 Valentim Gentil";6821;6711;13532
"355620 Valinhos";64580;66630;131210
"355630 Valparaíso";15295;11527;26822
"355635 Vargem";5545;5147;10692
"355640 Vargem Grande do Sul";21485;21625;43110
"355645 Vargem Grande Paulista";26503;26965;53468
"355650 Várzea Paulista";61428;61643;123071
"355660 Vera Cruz";5308;5515;10823
"355670 Vinhedo";39653;40458;80111
"355680 Viradouro";9588;9429;19017
"355690 Vista Alegre do Alto";4786;4203;8989
"355695 Vitória Brasil";967;879;1846
"355700 Votorantim";61458;62141;123599
"355710 Votuporanga";46645;48693;95338
"355715 Zacarias";1369;1383;2752
"410010 Abatiá";3703;3705;7408
"410020 Adrianópolis";3029;2828;5857
"410030 Agudos do Sul";4958;4512;9470
"410040 Almirante Tamandaré";59195;60846;120041
"410045 Altamira do Paraná";848;834;1682
"412862 Alto Paraíso";1311;1374;2685
"410060 Alto Paraná";7434;7425;14859
"410070 Alto Piquiri";4950;4828;9778
"410050 Altônia";10930;11246;22176
"410080 Alvorada do Sul";5838;5665;11503
"410090 Amaporã";3199;3133;6332
"410100 Ampére";9648;9663;19311
"410105 Anahy";1384;1404;2788
"410110 Andirá";9612;10314;19926
"410115 Ângulo";1512;1418;2930
"410120 Antonina";9274;9675;18949
"410130 Antônio Olinto";3888;3539;7427
"410140 Apucarana";65971;70263;136234
"410150 Arapongas";60998;63812;124810
"410160 Arapoti";14124;14176;28300
"410165 Arapuã";1459;1550;3009
"410170 Araruna";7053;6947;14000
"410180 Araucária";72925;73289;146214
"410185 Ariranha do Ivaí";1011;1055;2066
"410190 Assaí";7268;7686;14954
"410200 Assis Chateaubriand";16342;16986;33328
"410210 Astorga";12883;13326;26209
"410220 Atalaia";1906;1975;3881
"410230 Balsa Nova";6591;6501;13092
"410240 Bandeirantes";14917;16294;31211
"410250 Barbosa Ferraz";5750;5676;11426
"410270 Barra do Jacaré";1401;1380;2781
"410260 Barracão";5076;5236;10312
"410275 Bela Vista da Caroba";1767;1690;3457
"410280 Bela Vista do Paraíso";7426;7973;15399
"410290 Bituruna";8370;8030;16400
"410300 Boa Esperança";1986;2061;4047
"410302 Boa Esperança do Iguaçu";1232;1238;2470
"410304 Boa Ventura de São Roque";3224;3141;6365
"410305 Boa Vista da Aparecida";3789;3751;7540
"410310 Bocaiúva do Sul";6498;6631;13129
"410315 Bom Jesus do Sul";1837;1669;3506
"410320 Bom Sucesso";3485;3583;7068
"410322 Bom Sucesso do Sul";1632;1622;3254
"410330 Borrazópolis";3214;3225;6439
"410335 Braganey";2750;2632;5382
"410337 Brasilândia do Sul";1274;1311;2585
"410340 Cafeara";1478;1476;2954
"410345 Cafelândia";9198;9258;18456
"410347 Cafezal do Sul";1993;2016;4009
"410350 Califórnia";4336;4270;8606
"410360 Cambará";12385;13081;25466
"410370 Cambé";52201;55140;107341
"410380 Cambira";3997;3920;7917
"410390 Campina da Lagoa";6965;7078;14043
"410395 Campina do Simão";2025;1834;3859
"410400 Campina Grande do Sul";21345;22340;43685
"410405 Campo Bonito";1872;1891;3763
"410410 Campo do Tenente";4119;3926;8045
"410420 Campo Largo";65881;67984;133865
"410425 Campo Magro";14886;14854;29740
"410430 Campo Mourão";46212;49276;95488
"410440 Cândido de Abreu";7578;7231;14809
"410442 Candói";8047;8006;16053
"410445 Cantagalo";6697;6632;13329
"410450 Capanema";9332;9816;19148
"410460 Capitão Leônidas Marques";7862;7972;15834
"410465 Carambeí";12114;11711;23825
"410470 Carlópolis";7233;7123;14356
"410480 Cascavel";163162;169171;332333
"410490 Castro";35726;36083;71809
"410500 Catanduvas";5235;4932;10167
"410510 Centenário do Sul";5389;5375;10764
"410520 Cerro Azul";9160;8673;17833
"410530 Céu Azul";5772;6047;11819
"410540 Chopinzinho";9451;9716;19167
"410550 Cianorte";40794;43022;83816
"410560 Cidade Gaúcha";6452;6345;12797
"410570 Clevelândia";8064;8386;16450
"410580 Colombo";121023;125517;246540
"410590 Colorado";12020;12122;24142
"410600 Congonhinhas";4547;4310;8857
"410610 Conselheiro Mairinck";1944;1932;3876
"410620 Contenda";9650;9187;18837
"410630 Corbélia";8283;8834;17117
"410640 Cornélio Procópio";23116;24726;47842
"410645 Coronel Domingos Soares";4001;3517;7518
"410650 Coronel Vivida";9977;10603;20580
"410655 Corumbataí do Sul";1532;1595;3127
"410680 Cruz Machado";9664;9077;18741
"410657 Cruzeiro do Iguaçu";2094;2146;4240
"410660 Cruzeiro do Oeste";10319;10628;20947
"410670 Cruzeiro do Sul";2248;2201;4449
"410685 Cruzmaltina";1488;1433;2921
"410690 Curitiba";926375;1022251;1948626
"410700 Curiúva";7674;7522;15196
"410715 Diamante D'Oeste";2673;2593;5266
"410710 Diamante do Norte";2444;2586;5030
"410712 Diamante do Sul";1739;1685;3424
"410720 Dois Vizinhos";20470;20568;41038
"410725 Douradina";4555;4314;8869
"410730 Doutor Camargo";2954;3029;5983
"412863 Doutor Ulysses";2876;2676;5552
"410740 Enéas Marques";3020;2913;5933
"410750 Engenheiro Beltrão";7072;6909;13981
"410753 Entre Rios do Oeste";2282;2314;4596
"410752 Esperança Nova";832;833;1665
"410754 Espigão Alto do Iguaçu";2058;1990;4048
"410755 Farol";1483;1558;3041
"410760 Faxinal";8634;8682;17316
"410765 Fazenda Rio Grande";50144;51860;102004
"410770 Fênix";2402;2346;4748
"410773 Fernandes Pinheiro";2866;2736;5602
"410775 Figueira";3775;3921;7696
"410785 Flor da Serra do Sul";2355;2248;4603
"410780 Floraí";2436;2470;4906
"410790 Floresta";3359;3492;6851
"410800 Florestópolis";5230;5223;10453
"410810 Flórida";1372;1327;2699
"410820 Formosa do Oeste";3227;3233;6460
"410830 Foz do Iguaçu";123341;134907;258248
"410845 Foz do Jordão";2209;2347;4556
"410832 Francisco Alves";3016;2977;5993
"410840 Francisco Beltrão";45986;46230;92216
"410850 General Carneiro";6809;6876;13685
"410855 Godoy Moreira";1469;1429;2898
"410860 Goioerê";13807;15001;28808
"410865 Goioxim";3656;3397;7053
"410870 Grandes Rios";2773;2724;5497
"410880 Guaíra";16113;17197;33310
"410890 Guairaçá";3314;3295;6609
"410895 Guamiranga";4458;4353;8811
"410900 Guapirama";1885;1899;3784
"410910 Guaporema";1152;1089;2241
"410920 Guaraci";2675;2855;5530
"410930 Guaraniaçu";6019;6198;12217
"410940 Guarapuava";89364;93280;182644
"410950 Guaraqueçaba";3984;3610;7594
"410960 Guaratuba";18325;19202;37527
"410965 Honório Serpa";2583;2536;5119
"410970 Ibaiti";15930;15651;31581
"410975 Ibema";3180;3190;6370
"410980 Ibiporã";26774;28357;55131
"410990 Icaraíma";3904;3882;7786
"411000 Iguaraçu";2245;2195;4440
"411005 Iguatu";1141;1112;2253
"411007 Imbaú";6737;6545;13282
"411010 Imbituva";16625;16315;32940
"411020 Inácio Martins";5698;5423;11121
"411030 Inajá";1561;1555;3116
"411040 Indianópolis";2279;2186;4465
"411050 Ipiranga";7866;7385;15251
"411060 Iporã";6805;6977;13782
"411065 Iracema do Oeste";1127;1124;2251
"411070 Irati";30057;31031;61088
"411080 Iretama";5107;4991;10098
"411090 Itaguajé";2260;2186;4446
"411095 Itaipulândia";5566;5819;11385
"411100 Itambaracá";3259;3290;6549
"411110 Itambé";3015;3094;6109
"411120 Itapejara d'Oeste";6015;6079;12094
"411125 Itaperuçu";14682;14388;29070
"411130 Itaúna do Sul";1400;1381;2781
"411140 Ivaí";7317;6648;13965
"411150 Ivaiporã";15378;16557;31935
"411155 Ivaté";4200;4040;8240
"411160 Ivatuba";1594;1685;3279
"411170 Jaboti";2678;2625;5303
"411180 Jacarezinho";19191;20131;39322
"411190 Jaguapitã";6874;6868;13742
"411200 Jaguariaíva";17208;17819;35027
"411210 Jandaia do Sul";10353;10877;21230
"411220 Janiópolis";2515;2580;5095
"411230 Japira";2586;2407;4993
"411240 Japurá";4769;4731;9500
"411250 Jardim Alegre";5651;5545;11196
"411260 Jardim Olinda";651;669;1320
"411270 Jataizinho";6260;6378;12638
"411275 Jesuítas";4044;4286;8330
"411280 Joaquim Távora";6002;6007;12009
"411290 Jundiaí do Sul";1637;1632;3269
"411295 Juranda";3575;3717;7292
"411300 Jussara";3458;3583;7041
"411310 Kaloré";2026;2021;4047
"411320 Lapa";24442;23968;48410
"411325 Laranjal";2894;2890;5784
"411330 Laranjeiras do Sul";15682;16457;32139
"411340 Leópolis";1923;2002;3925
"411342 Lidianópolis";1576;1655;3231
"411345 Lindoeste";2321;2271;4592
"411350 Loanda";11510;11732;23242
"411360 Lobato";2408;2411;4819
"411370 Londrina";275651;299726;575377
"411373 Luiziana";3681;3559;7240
"411375 Lunardelli";2307;2437;4744
"411380 Lupionópolis";2470;2475;4945
"411390 Mallet";7040;6623;13663
"411400 Mamborê";6383;6631;13014
"411410 Mandaguaçu";11526;11574;23100
"411420 Mandaguari";16895;17620;34515
"411430 Mandirituba";13905;13410;27315
"411435 Manfrinópolis";1326;1180;2506
"411440 Mangueirinha";8173;8469;16642
"411450 Manoel Ribas";6659;6851;13510
"411460 Marechal Cândido Rondon";25862;27633;53495
"411470 Maria Helena";2860;2774;5634
"411480 Marialva";17568;18236;35804
"411490 Marilândia do Sul";4501;4313;8814
"411500 Marilena";3624;3460;7084
"411510 Mariluz";5158;5178;10336
"411520 Maringá";208148;222009;430157
"411530 Mariópolis";3318;3314;6632
"411535 Maripá";2808;2774;5582
"411540 Marmeleiro";7144;7243;14387
"411545 Marquinho";2275;2065;4340
"411550 Marumbi";2299;2378;4677
"411560 Matelândia";8969;9138;18107
"411570 Matinhos";16743;18476;35219
"411573 Mato Rico";1732;1474;3206
"411575 Mauá da Serra";5542;5258;10800
"411580 Medianeira";22892;23682;46574
"411585 Mercedes";2780;2797;5577
"411590 Mirador";1115;1081;2196
"411600 Miraselva";887;909;1796
"411605 Missal";5323;5381;10704
"411610 Moreira Sales";6057;5985;12042
"411620 Morretes";8263;8183;16446
"411630 Munhoz de Melo";1997;2012;4009
"411640 Nossa Senhora das Graças";2035;1973;4008
"411650 Nova Aliança do Ivaí";792;759;1551
"411660 Nova América da Colina";1755;1679;3434
"411670 Nova Aurora";5029;5270;10299
"411680 Nova Cantu";2529;2532;5061
"411690 Nova Esperança";13670;14314;27984
"411695 Nova Esperança do Sudoeste";2577;2453;5030
"411700 Nova Fátima";3999;4137;8136
"411705 Nova Laranjeiras";5814;5693;11507
"411710 Nova Londrina";6470;6730;13200
"411720 Nova Olímpia";2844;2982;5826
"411725 Nova Prata do Iguaçu";5239;5305;10544
"411721 Nova Santa Bárbara";2033;2244;4277
"411722 Nova Santa Rosa";4094;4172;8266
"411727 Nova Tebas";2767;2681;5448
"411729 Novo Itacolomi";1482;1358;2840
"411730 Ortigueira";11385;10575;21960
"411740 Ourizona";1756;1669;3425
"411745 Ouro Verde do Oeste";2967;3049;6016
"411750 Paiçandu";20747;21026;41773
"411760 Palmas";25806;25949;51755
"411770 Palmeira";16892;17102;33994
"411780 Palmital";6559;6401;12960
"411790 Palotina";15646;16475;32121
"411800 Paraíso do Norte";7011;7012;14023
"411810 Paranacity";5813;5767;11580
"411820 Paranaguá";76746;79428;156174
"411830 Paranapoema";1578;1663;3241
"411840 Paranavaí";42970;45952;88922
"411845 Pato Bragado";2785;2899;5684
"411850 Pato Branco";40773;43070;83843
"411860 Paula Freitas";3005;2903;5908
"411870 Paulo Frontin";3846;3541;7387
"411880 Peabiru";6926;7081;14007
"411885 Perobal";3058;3102;6160
"411890 Pérola";5599;5722;11321
"411900 Pérola d'Oeste";3125;3163;6288
"411910 Piên";6504;6378;12882
"411915 Pinhais";64208;69282;133490
"411925 Pinhal de São Bento";1402;1335;2737
"411920 Pinhalão";3199;3125;6324
"411930 Pinhão";16384;16175;32559
"411940 Piraí do Sul";12800;12829;25629
"411950 Piraquara";59450;55520;114970
"411960 Pitanga";14827;15167;29994
"411965 Pitangueiras";1635;1627;3262
"411970 Planaltina do Paraná";2162;2110;4272
"411980 Planalto";6673;6758;13431
"411990 Ponta Grossa";173033;182303;355336
"411995 Pontal do Paraná";13490;14425;27915
"412000 Porecatu";6354;6394;12748
"412010 Porto Amazonas";2397;2477;4874
"412015 Porto Barreiro";1647;1537;3184
"412020 Porto Rico";1302;1254;2556
"412030 Porto Vitória";2056;2005;4061
"412033 Prado Ferreira";1925;1855;3780
"412035 Pranchita";2518;2577;5095
"412040 Presidente Castelo Branco";2746;2605;5351
"412050 Primeiro de Maio";5618;5512;11130
"412060 Prudentópolis";26792;25721;52513
"412065 Quarto Centenário";2153;2312;4465
"412070 Quatiguá";3662;3815;7477
"412080 Quatro Barras";11953;11958;23911
"412085 Quatro Pontes";1935;2094;4029
"412090 Quedas do Iguaçu";17098;17311;34409
"412100 Querência do Norte";6126;6106;12232
"412110 Quinta do Sol";2204;2304;4508
"412120 Quitandinha";9891;9330;19221
"412125 Ramilândia";2249;2227;4476
"412130 Rancho Alegre";1874;1910;3784
"412135 Rancho Alegre D'Oeste";1282;1346;2628
"412140 Realeza";8270;8680;16950
"412150 Rebouças";7565;7381;14946
"412160 Renascença";3429;3358;6787
"412170 Reserva";13754;13071;26825
"412175 Reserva do Iguaçu";4126;3943;8069
"412180 Ribeirão Claro";5179;5466;10645
"412190 Ribeirão do Pinhal";6400;6548;12948
"412200 Rio Azul";8010;7326;15336
"412210 Rio Bom";1664;1518;3182
"412215 Rio Bonito do Iguaçu";6605;6650;13255
"412217 Rio Branco do Ivaí";2086;2023;4109
"412220 Rio Branco do Sul";16293;16224;32517
"412230 Rio Negro";17172;17239;34411
"412240 Rolândia";33147;34236;67383
"412250 Roncador";4801;4844;9645
"412260 Rondon";4876;4746;9622
"412265 Rosário do Ivaí";2377;2312;4689
"412270 Sabáudia";3383;3508;6891
"412280 Salgado Filho";1734;1749;3483
"412290 Salto do Itararé";2484;2414;4898
"412300 Salto do Lontra";7562;7310;14872
"412310 Santa Amélia";1594;1672;3266
"412320 Santa Cecília do Pavão";1638;1655;3293
"412330 Santa Cruz de Monte Castelo";3881;3870;7751
"412340 Santa Fé";5976;6210;12186
"412350 Santa Helena";12997;13770;26767
"412360 Santa Inês";796;772;1568
"412370 Santa Isabel do Ivaí";4277;4246;8523
"412380 Santa Izabel do Oeste";7475;7319;14794
"412382 Santa Lúcia";1864;1929;3793
"412385 Santa Maria do Oeste";4878;4532;9410
"412390 Santa Mariana";5746;5876;11622
"412395 Santa Mônica";2053;1964;4017
"412402 Santa Tereza do Oeste";5150;4946;10096
"412405 Santa Terezinha de Itaipu";11525;12174;23699
"412400 Santana do Itararé";2469;2485;4954
"412410 Santo Antônio da Platina";22792;23459;46251
"412420 Santo Antônio do Caiuá";1307;1319;2626
"412430 Santo Antônio do Paraíso";995;1073;2068
"412440 Santo Antônio do Sudoeste";9851;10410;20261
"412450 Santo Inácio";2755;2690;5445
"412460 São Carlos do Ivaí";3533;3387;6920
"412470 São Jerônimo da Serra";5802;5326;11128
"412480 São João";5007;5174;10181
"412490 São João do Caiuá";2860;2977;5837
"412500 São João do Ivaí";4962;5094;10056
"412510 São João do Triunfo";8026;7215;15241
"412520 São Jorge d'Oeste";4516;4512;9028
"412530 São Jorge do Ivaí";2721;2822;5543
"412535 São Jorge do Patrocínio";2793;2793;5586
"412540 São José da Boa Vista";3190;2970;6160
"412545 São José das Palmeiras";1819;1808;3627
"412550 São José dos Pinhais";161416;167642;329058
"412555 São Manoel do Paraná";1060;1103;2163
"412560 São Mateus do Sul";23548;23157;46705
"412570 São Miguel do Iguaçu";13527;14049;27576
"412575 São Pedro do Iguaçu";2902;2918;5820
"412580 São Pedro do Ivaí";5583;5463;11046
"412590 São Pedro do Paraná";1133;1156;2289
"412600 São Sebastião da Amoreira";4376;4483;8859
"412610 São Tomé";2890;2860;5750
"412620 Sapopema";3487;3235;6722
"412625 Sarandi";48024;49779;97803
"412627 Saudade do Iguaçu";2748;2791;5539
"412630 Sengés";9892;9493;19385
"412635 Serranópolis do Iguaçu";2142;2335;4477
"412640 Sertaneja";2553;2663;5216
"412650 Sertanópolis";8116;8297;16413
"412660 Siqueira Campos";10651;10598;21249
"412665 Sulina";1455;1475;2930
"412667 Tamarana";7697;7343;15040
"412670 Tamboara";2521;2637;5158
"412680 Tapejara";8178;8167;16345
"412690 Tapira";2807;2688;5495
"412700 Teixeira Soares";6636;5931;12567
"412710 Telêmaco Borba";39729;40063;79792
"412720 Terra Boa";8441;8759;17200
"412730 Terra Rica";8512;8412;16924
"412740 Terra Roxa";8663;8859;17522
"412750 Tibagi";10277;10330;20607
"412760 Tijucas do Sul";8720;8364;17084
"412770 Toledo";69461;73184;142645
"412780 Tomazina";4058;3749;7807
"412785 Três Barras do Paraná";6105;5933;12038
"412788 Tunas do Paraná";4682;4340;9022
"412790 Tuneiras do Oeste";4335;4198;8533
"412795 Tupãssi";4116;4005;8121
"412796 Turvo";6566;6529;13095
"412800 Ubiratã";10229;10680;20909
"412810 Umuarama";54461;58039;112500
"412820 União da Vitória";28397;29516;57913
"412830 Uniflor";1302;1312;2614
"412840 Uraí";5596;5677;11273
"412853 Ventania";6209;5867;12076
"412855 Vera Cruz do Oeste";4197;4257;8454
"412860 Verê";3530;3644;7174
"412865 Virmond";1988;2034;4022
"412870 Vitorino";3372;3487;6859
"412850 Wenceslau Braz";9542;9844;19386
"412880 Xambrê";2811;2819;5630
"420005 Abdon Batista";1353;1195;2548
"420010 Abelardo Luz";8972;8988;17960
"420020 Agrolândia";5532;5481;11013
"420030 Agronômica";2824;2685;5509
"420040 Água Doce";3626;3526;7152
"420050 Águas de Chapecó";3354;3161;6515
"420055 Águas Frias";1216;1138;2354
"420060 Águas Mornas";3342;3217;6559
"420070 Alfredo Wagner";5129;4957;10086
"420075 Alto Bela Vista";966;960;1926
"420080 Anchieta";2833;2724;5557
"420090 Angelina";2526;2217;4743
"420100 Anita Garibaldi";3506;3451;6957
"420110 Anitápolis";1681;1547;3228
"420120 Antônio Carlos";4285;4328;8613
"420125 Apiúna";5504;5344;10848
"420127 Arabutã";2160;2107;4267
"420130 Araquari";20231;19293;39524
"420140 Araranguá";33750;35117;68867
"420150 Armazém";4399;4360;8759
"420160 Arroio Trinta";1775;1774;3549
"420165 Arvoredo";1216;1018;2234
"420170 Ascurra";3948;4030;7978
"420180 Atalanta";1596;1599;3195
"420190 Aurora";2895;2788;5683
"420195 Balneário Arroio do Silva";6768;6662;13430
"420205 Balneário Barra do Sul";5344;5691;11035
"420200 Balneário Camboriú";69267;76529;145796
"420207 Balneário Gaivota";5585;5675;11260
"421280 Balneário Piçarras";11837;11935;23772
"422000 Balneário Rincão";6569;6377;12946
"420208 Bandeirante";1408;1240;2648
"420209 Barra Bonita";865;786;1651
"420210 Barra Velha";14900;14960;29860
"420213 Bela Vista do Toldo";3325;3037;6362
"420215 Belmonte";1449;1260;2709
"420220 Benedito Novo";5989;5786;11775
"420230 Biguaçu";34027;35459;69486
"420240 Blumenau";177618;184237;361855
"420243 Bocaina do Sul";1790;1698;3488
"420250 Bom Jardim da Serra";2515;2257;4772
"420253 Bom Jesus";1542;1515;3057
"420257 Bom Jesus do Oeste";1080;1059;2139
"420260 Bom Retiro";5090;4970;10060
"420245 Bombinhas";10135;10200;20335
"420270 Botuverá";2714;2608;5322
"420280 Braço do Norte";16902;16974;33876
"420285 Braço do Trombudo";1959;1810;3769
"420287 Brunópolis";1210;1158;2368
"420290 Brusque";69111;68578;137689
"420300 Caçador";39222;40091;79313
"420310 Caibi";3138;2992;6130
"420315 Calmon";1720;1615;3335
"420320 Camboriú";42518;42587;85105
"420330 Campo Alegre";6055;5926;11981
"420340 Campo Belo do Sul";3609;3343;6952
"420350 Campo Erê";4246;4172;8418
"420360 Campos Novos";18190;18366;36556
"420370 Canelinha";6279;6119;12398
"420380 Canoinhas";26904;27576;54480
"420325 Capão Alto";1295;1201;2496
"420390 Capinzal";11251;11784;23035
"420395 Capivari de Baixo";12182;12995;25177
"420400 Catanduvas";5457;5527;10984
"420410 Caxambu do Sul";1779;1772;3551
"420415 Celso Ramos";1373;1346;2719
"420417 Cerro Negro";1621;1447;3068
"420419 Chapadão do Lageado";1562;1444;3006
"420420 Chapecó";111128;112885;224013
"420425 Cocal do Sul";8305;8516;16821
"420430 Concórdia";37037;38130;75167
"420435 Cordilheira Alta";2315;2205;4520
"420440 Coronel Freitas";5021;4919;9940
"420445 Coronel Martins";1327;1228;2555
"420455 Correia Pinto";6206;6347;12553
"420450 Corupá";8139;7968;16107
"420460 Criciúma";107111;110200;217311
"420470 Cunha Porã";5533;5585;11118
"420475 Cunhataí";1033;934;1967
"420480 Curitibanos";19642;20251;39893
"420490 Descanso";4103;4089;8192
"420500 Dionísio Cerqueira";7834;7711;15545
"420510 Dona Emma";2143;2043;4186
"420515 Doutor Pedrinho";2054;2061;4115
"420517 Entre Rios";1646;1572;3218
"420519 Ermo";1065;996;2061
"420520 Erval Velho";2183;2235;4418
"420530 Faxinal dos Guedes";5373;5276;10649
"420535 Flor do Sertão";806;773;1579
"420540 Florianópolis";245059;263767;508826
"420543 Formosa do Sul";1266;1229;2495
"420545 Forquilhinha";13589;13622;27211
"420550 Fraiburgo";18046;18538;36584
"420555 Frei Rogério";1014;956;1970
"420560 Galvão";1372;1419;2791
"420570 Garopaba";11649;11930;23579
"420580 Garuva";9407;9077;18484
"420590 Gaspar";34956;35837;70793
"420600 Governador Celso Ramos";7359;7247;14606
"420610 Grão Pará";3444;3151;6595
"420620 Gravatal";5753;5824;11577
"420630 Guabiruba";12381;12001;24382
"420640 Guaraciaba";5039;4987;10026
"420650 Guaramirim";23256;22541;45797
"420660 Guarujá do Sul";2549;2629;5178
"420665 Guatambú";2477;2221;4698
"420670 Herval d'Oeste";11351;11363;22714
"420675 Ibiam";973;981;1954
"420680 Ibicaré";1672;1506;3178
"420690 Ibirama";9632;9464;19096
"420700 Içara";28350;28897;57247
"420710 Ilhota";7304;7055;14359
"420720 Imaruí";4968;4980;9948
"420730 Imbituba";22360;22926;45286
"420740 Imbuia";3099;3142;6241
"420750 Indaial";35842;35058;70900
"420757 Iomerê";1513;1449;2962
"420760 Ipira";2176;2230;4406
"420765 Iporã do Oeste";4618;4427;9045
"420768 Ipuaçu";3900;3679;7579
"420770 Ipumirim";3862;3758;7620
"420775 Iraceminha";1983;1955;3938
"420780 Irani";5343;5155;10498
"420785 Irati";944;965;1909
"420790 Irineópolis";5815;5474;11289
"420800 Itá";2996;3133;6129
"420810 Itaiópolis";11257;10523;21780
"420820 Itajaí";110076;113036;223112
"420830 Itapema";32759;34579;67338
"420840 Itapiranga";8644;8363;17007
"420845 Itapoá";10463;10714;21177
"420850 Ituporanga";12681;12674;25355
"420860 Jaborá";1938;1980;3918
"420870 Jacinto Machado";5158;5218;10376
"420880 Jaguaruna";10243;10045;20288
"420890 Jaraguá do Sul";90752;90421;181173
"420895 Jardinópolis";797;749;1546
"420900 Joaçaba";14777;15627;30404
"420910 Joinville";296156;301502;597658
"420915 José Boiteux";2555;2452;5007
"420917 Jupiá";1045;1047;2092
"420920 Lacerdópolis";1104;1143;2247
"420930 Lages";76350;80999;157349
"420940 Laguna";22637;23485;46122
"420945 Lajeado Grande";715;703;1418
"420950 Laurentino";3526;3537;7063
"420960 Lauro Muller";7655;7658;15313
"420970 Lebon Régis";6275;5840;12115
"420980 Leoberto Leal";1578;1422;3000
"420985 Lindóia do Sul";2316;2230;4546
"420990 Lontras";6173;6142;12315
"421000 Luiz Alves";6757;6350;13107
"421003 Luzerna";2770;2914;5684
"421005 Macieira";950;816;1766
"421010 Mafra";27951;28610;56561
"421020 Major Gercino";1743;1711;3454
"421030 Major Vieira";4169;3987;8156
"421040 Maracajá";3749;3629;7378
"421050 Maravilha";12965;13151;26116
"421055 Marema";902;848;1750
"421060 Massaranduba";8739;8386;17125
"421070 Matos Costa";1283;1197;2480
"421080 Meleiro";3390;3611;7001
"421085 Mirim Doce";1140;1143;2283
"421090 Modelo";2170;2048;4218
"421100 Mondaí";6605;5284;11889
"421105 Monte Carlo";5032;4874;9906
"421110 Monte Castelo";4256;4013;8269
"421120 Morro da Fumaça";8908;9039;17947
"421125 Morro Grande";1527;1361;2888
"421130 Navegantes";41737;41889;83626
"421140 Nova Erechim";2637;2455;5092
"421145 Nova Itaberaba";2218;2111;4329
"421150 Nova Trento";7506;7276;14782
"421160 Nova Veneza";7763;7579;15342
"421165 Novo Horizonte";1286;1118;2404
"421170 Orleans";11398;11640;23038
"421175 Otacílio Costa";9654;9321;18975
"421180 Ouro";3643;3629;7272
"421185 Ouro Verde";1095;1112;2207
"421187 Paial";780;694;1474
"421189 Painel";1229;1127;2356
"421190 Palhoça";87148;88124;175272
"421200 Palma Sola";3750;3622;7372
"421205 Palmeira";1353;1297;2650
"421210 Palmitos";8107;8050;16157
"421220 Papanduva";9915;9507;19422
"421223 Paraíso";1705;1655;3360
"421225 Passo de Torres";4596;4452;9048
"421227 Passos Maia";2017;2092;4109
"421230 Paulo Lopes";3831;3738;7569
"421240 Pedras Grandes";2022;1931;3953
"421250 Penha";16604;16680;33284
"421260 Peritiba";1385;1375;2760
"421265 Pescaria Brava";5115;5044;10159
"421270 Petrolândia";3050;2855;5905
"421290 Pinhalzinho";10372;10340;20712
"421300 Pinheiro Preto";1827;1769;3596
"421310 Piratuba";1635;2110;3745
"421315 Planalto Alegre";1502;1386;2888
"421320 Pomerode";17116;16894;34010
"421330 Ponte Alta";2365;2285;4650
"421335 Ponte Alta do Norte";1694;1726;3420
"421340 Ponte Serrada";5805;5829;11634
"421350 Porto Belo";10844;11088;21932
"421360 Porto União";17530;18013;35543
"421370 Pouso Redondo";8934;8778;17712
"421380 Praia Grande";3705;3607;7312
"421390 Presidente Castello Branco";781;766;1547
"421400 Presidente Getúlio";8844;8882;17726
"421410 Presidente Nereu";1191;1092;2283
"421415 Princesa";1504;1433;2937
"421420 Quilombo";4960;4869;9829
"421430 Rancho Queimado";1467;1420;2887
"421440 Rio das Antas";3213;2989;6202
"421450 Rio do Campo";3016;2886;5902
"421460 Rio do Oeste";3792;3728;7520
"421480 Rio do Sul";35550;36456;72006
"421470 Rio dos Cedros";6090;5718;11808
"421490 Rio Fortuna";2388;2232;4620
"421500 Rio Negrinho";21169;21326;42495
"421505 Rio Rufino";1271;1212;2483
"421507 Riqueza";2357;2204;4561
"421510 Rodeio";5873;5727;11600
"421520 Romelândia";2358;2326;4684
"421530 Salete";3893;3766;7659
"421535 Saltinho";1886;1868;3754
"421540 Salto Veloso";2373;2383;4756
"421545 Sangão";6658;6247;12905
"421550 Santa Cecília";8437;8481;16918
"421555 Santa Helena";1134;1066;2200
"421560 Santa Rosa de Lima";1138;1009;2147
"421565 Santa Rosa do Sul";4203;4175;8378
"421567 Santa Terezinha";4764;4009;8773
"421568 Santa Terezinha do Progresso";1222;1150;2372
"421569 Santiago do Sul";620;615;1235
"421570 Santo Amaro da Imperatriz";11754;11825;23579
"421580 São Bento do Sul";42167;43254;85421
"421575 São Bernardino";1208;1079;2287
"421590 São Bonifácio";1463;1351;2814
"421600 São Carlos";5708;5661;11369
"421605 São Cristovão do Sul";3326;2272;5598
"421610 São Domingos";4791;4643;9434
"421620 São Francisco do Sul";26791;26955;53746
"421630 São João Batista";19705;18878;38583
"421635 São João do Itaperiú";1986;1773;3759
"421625 São João do Oeste";3309;3093;6402
"421640 São João do Sul";3634;3681;7315
"421650 São Joaquim";13777;13362;27139
"421660 São José";120054;130127;250181
"421670 São José do Cedro";6922;6898;13820
"421680 São José do Cerrito";4300;3873;8173
"421690 São Lourenço do Oeste";12072;12219;24291
"421700 São Ludgero";6963;6687;13650
"421710 São Martinho";1625;1546;3171
"421715 São Miguel da Boa Vista";932;875;1807
"421720 São Miguel do Oeste";19831;21037;40868
"421725 São Pedro de Alcântara";4265;1670;5935
"421730 Saudades";5047;4763;9810
"421740 Schroeder";11253;10738;21991
"421750 Seara";8825;8751;17576
"421755 Serra Alta";1640;1616;3256
"421760 Siderópolis";7039;7053;14092
"421770 Sombrio";15023;15710;30733
"421775 Sul Brasil";1259;1164;2423
"421780 Taió";9226;9260;18486
"421790 Tangará";4528;4134;8662
"421795 Tigrinhos";824;795;1619
"421800 Tijucas";19656;19499;39155
"421810 Timbé do Sul";2688;2655;5343
"421820 Timbó";22327;22650;44977
"421825 Timbó Grande";4010;3931;7941
"421830 Três Barras";9653;9713;19366
"421835 Treviso";2028;1938;3966
"421840 Treze de Maio";3566;3527;7093
"421850 Treze Tílias";3929;4062;7991
"421860 Trombudo Central";3674;3760;7434
"421870 Tubarão";51685;54737;106422
"421875 Tunápolis";2275;2250;4525
"421880 Turvo";6400;6590;12990
"421885 União do Oeste";1235;1177;2412
"421890 Urubici";5743;5530;11273
"421895 Urupema";1262;1197;2459
"421900 Urussanga";10495;10849;21344
"421910 Vargeão";1791;1780;3571
"421915 Vargem";1261;1171;2432
"421917 Vargem Bonita";2291;2160;4451
"421920 Vidal Ramos";3263;3066;6329
"421930 Videira";26413;27197;53610
"421935 Vitor Meireles";2618;2325;4943
"421940 Witmarsum";2025;1973;3998
"421950 Xanxerê";25422;26220;51642
"421960 Xavantina";2015;1888;3903
"421970 Xaxim";14389;14594;28983
"421985 Zortéa";1753;1645;3398
"430003 Aceguá";2654;2288;4942
"430005 Água Santa";1895;1848;3743
"430010 Agudo";8196;8205;16401
"430020 Ajuricaba";3440;3547;6987
"430030 Alecrim";2909;2918;5827
"430040 Alegrete";35602;37426;73028
"430045 Alegria";1660;1714;3374
"430047 Almirante Tamandaré do Sul";970;979;1949
"430050 Alpestre";3105;2962;6067
"430055 Alto Alegre";836;777;1613
"430057 Alto Feliz";1546;1490;3036
"430060 Alvorada";102053;109299;211352
"430063 Amaral Ferrador";3636;3449;7085
"430064 Ametista do Sul";3726;3677;7403
"430066 André da Rocha";683;660;1343
"430070 Anta Gorda";2973;2988;5961
"430080 Antônio Prado";6487;6558;13045
"430085 Arambaré";1763;1799;3562
"430087 Araricá";2911;2860;5771
"430090 Aratiba";3129;3060;6189
"430100 Arroio do Meio";10447;10520;20967
"430107 Arroio do Padre";1551;1400;2951
"430105 Arroio do Sal";5088;5191;10279
"430120 Arroio do Tigre";6733;6680;13413
"430110 Arroio dos Ratos";6903;7274;14177
"430130 Arroio Grande";8948;9290;18238
"430140 Arvorezinha";5243;5180;10423
"430150 Augusto Pestana";3215;3387;6602
"430155 Áurea";1739;1796;3535
"430160 Bagé";58222;63113;121335
"430163 Balneário Pinhal";7004;7359;14363
"430165 Barão";3138;3064;6202
"430170 Barão de Cotegipe";3318;3302;6620
"430175 Barão do Triunfo";3957;3562;7519
"430185 Barra do Guarita";1644;1613;3257
"430187 Barra do Quaraí";2217;2010;4227
"430190 Barra do Ribeiro";6760;6796;13556
"430192 Barra do Rio Azul";862;793;1655
"430195 Barra Funda";1286;1265;2551
"430180 Barracão";2691;2565;5256
"430200 Barros Cassal";5736;5446;11182
"430205 Benjamin Constant do Sul";1021;937;1958
"430210 Bento Gonçalves";59632;62171;121803
"430215 Boa Vista das Missões";1015;1077;2092
"430220 Boa Vista do Buricá";3369;3343;6712
"430222 Boa Vista do Cadeado";1259;1209;2468
"430223 Boa Vista do Incra";1351;1265;2616
"430225 Boa Vista do Sul";1488;1290;2778
"430230 Bom Jesus";5721;5588;11309
"430235 Bom Princípio";7304;6951;14255
"430237 Bom Progresso";960;939;1899
"430240 Bom Retiro do Sul";6071;6319;12390
"430245 Boqueirão do Leão";3982;3720;7702
"430250 Bossoroca";3172;3033;6205
"430258 Bozano";1030;1081;2111
"430260 Braga";1693;1618;3311
"430265 Brochier";2629;2475;5104
"430270 Butiá";10275;10677;20952
"430280 Caçapava do Sul";16254;17294;33548
"430290 Cacequi";6252;6171;12423
"430300 Cachoeira do Sul";39330;42539;81869
"430310 Cachoeirinha";63216;68024;131240
"430320 Cacique Doble";2529;2545;5074
"430330 Caibaté";2489;2334;4823
"430340 Caiçara";2382;2318;4700
"430350 Camaquã";32700;33778;66478
"430355 Camargo";1365;1377;2742
"430360 Cambará do Sul";3286;3120;6406
"430367 Campestre da Serra";1735;1660;3395
"430370 Campina das Missões";2692;2706;5398
"430380 Campinas do Sul";2642;2796;5438
"430390 Campo Bom";32899;34347;67246
"430400 Campo Novo";2148;2228;4376
"430410 Campos Borges";1652;1643;3295
"430420 Candelária";15371;16050;31421
"430430 Cândido Godói";3118;3033;6151
"430435 Candiota";4881;4766;9647
"430440 Canela";22119;23369;45488
"430450 Canguçu";28281;27930;56211
"430460 Canoas";167212;180996;348208
"430461 Canudos do Vale";913;790;1703
"430462 Capão Bonito do Sul";904;737;1641
"430463 Capão da Canoa";26294;27757;54051
"430465 Capão do Cipó";1949;1750;3699
"430466 Capão do Leão";12503;12906;25409
"430468 Capela de Santana";6022;6042;12064
"430469 Capitão";1396;1367;2763
"430467 Capivari do Sul";2296;2432;4728
"430471 Caraá";4262;4088;8350
"430470 Carazinho";29652;32613;62265
"430480 Carlos Barbosa";15157;15084;30241
"430485 Carlos Gomes";693;658;1351
"430490 Casca";4438;4613;9051
"430495 Caseiros";1597;1619;3216
"430500 Catuípe";4261;4440;8701
"430510 Caxias do Sul";255039;262428;517467
"430511 Centenário";1494;1383;2877
"430512 Cerrito";3001;3046;6047
"430513 Cerro Branco";2341;2365;4706
"430515 Cerro Grande";1142;1154;2296
"430517 Cerro Grande do Sul";6408;6005;12413
"430520 Cerro Largo";7197;6992;14189
"430530 Chapada";4528;4711;9239
"430535 Charqueadas";22984;18274;41258
"430537 Charrua";1637;1615;3252
"430540 Chiapetta";1790;1929;3719
"430543 Chuí";3330;3440;6770
"430544 Chuvisca";2872;2608;5480
"430545 Cidreira";7967;8616;16583
"430550 Ciríaco";2408;2311;4719
"430558 Colinas";1212;1223;2435
"430560 Colorado";1517;1613;3130
"430570 Condor";3324;3435;6759
"430580 Constantina";4814;5093;9907
"430583 Coqueiro Baixo";809;686;1495
"430585 Coqueiros do Sul";1180;1106;2286
"430587 Coronel Barros";1242;1278;2520
"430590 Coronel Bicaco";3550;3718;7268
"430593 Coronel Pilar";848;766;1614
"430595 Cotiporã";2030;1808;3838
"430597 Coxilha";1363;1380;2743
"430600 Crissiumal";6575;6782;13357
"430605 Cristal";4144;3923;8067
"430607 Cristal do Sul";1414;1430;2844
"430610 Cruz Alta";28524;31398;59922
"430613 Cruzaltense";920;879;1799
"430620 Cruzeiro do Sul";6272;6130;12402
"430630 David Canabarro";2423;2313;4736
"430632 Derrubadas";1383;1378;2761
"430635 Dezesseis de Novembro";1204;1174;2378
"430637 Dilermando de Aguiar";1544;1459;3003
"430640 Dois Irmãos";16167;16952;33119
"430642 Dois Irmãos das Missões";1005;1003;2008
"430645 Dois Lajeados";1731;1674;3405
"430650 Dom Feliciano";7974;7513;15487
"430660 Dom Pedrito";19017;19322;38339
"430655 Dom Pedro de Alcântara";1321;1206;2527
"430670 Dona Francisca";1484;1515;2999
"430673 Doutor Maurício Cardoso";2232;2230;4462
"430675 Doutor Ricardo";993;982;1975
"430676 Eldorado do Sul";20629;21273;41902
"430680 Encantado";11096;11784;22880
"430690 Encruzilhada do Sul";13086;12874;25960
"430692 Engenho Velho";478;504;982
"430695 Entre Rios do Sul";1404;1354;2758
"430693 Entre-Ijuís";4175;4236;8411
"430697 Erebango";1522;1465;2987
"430700 Erechim";51696;54937;106633
"430705 Ernestina";1593;1577;3170
"430720 Erval Grande";2443;2376;4819
"430730 Erval Seco";3352;3450;6802
"430740 Esmeralda";1612;1675;3287
"430745 Esperança do Sul";1452;1433;2885
"430750 Espumoso";7742;7849;15591
"430755 Estação";2897;3043;5940
"430760 Estância Velha";24854;25818;50672
"430770 Esteio";39934;43345;83279
"430780 Estrela";17129;17270;34399
"430781 Estrela Velha";1852;1798;3650
"430783 Eugênio de Castro";1207;1145;2352
"430786 Fagundes Varela";1395;1346;2741
"430790 Farroupilha";35912;37149;73061
"430800 Faxinal do Soturno";3227;3436;6663
"430805 Faxinalzinho";1138;1146;2284
"430807 Fazenda Vilanova";2331;2277;4608
"430810 Feliz";6800;6840;13640
"430820 Flores da Cunha";15338;15709;31047
"430825 Floriano Peixoto";947;790;1737
"430830 Fontoura Xavier";5234;5007;10241
"430840 Formigueiro";3355;3261;6616
"430843 Forquetinha";1244;1156;2400
"430845 Fortaleza dos Valos";2084;2201;4285
"430850 Frederico Westphalen";15599;15899;31498
"430860 Garibaldi";17583;17857;35440
"430865 Garruchos";1470;1416;2886
"430870 Gaurama";2644;2845;5489
"430880 General Câmara";4234;4127;8361
"430885 Gentil";850;776;1626
"430890 Getúlio Vargas";7863;8321;16184
"430900 Giruá";7832;8031;15863
"430905 Glorinha";4156;4048;8204
"430910 Gramado";17508;19047;36555
"430912 Gramado dos Loureiros";1053;1005;2058
"430915 Gramado Xavier";2262;2090;4352
"430920 Gravataí";138144;145410;283554
"430925 Guabiju";768;722;1490
"430930 Guaíba";47469;50770;98239
"430940 Guaporé";12692;13276;25968
"430950 Guarani das Missões";3581;3882;7463
"430955 Harmonia";2497;2420;4917
"430710 Herval";3507;3307;6814
"430957 Herveiras";1569;1450;3019
"430960 Horizontina";9491;9898;19389
"430965 Hulha Negra";3526;3310;6836
"430970 Humaitá";2291;2445;4736
"430975 Ibarama";2228;2171;4399
"430980 Ibiaçá";2315;2384;4699
"430990 Ibiraiaras";3589;3676;7265
"430995 Ibirapuitã";2056;1944;4000
"431000 Ibirubá";10036;10377;20413
"431010 Igrejinha";18136;19194;37330
"431020 Ijuí";40729;43035;83764
"431030 Ilópolis";2050;2016;4066
"431033 Imbé";11128;12143;23271
"431036 Imigrante";1542;1582;3124
"431040 Independência";3033;3076;6109
"431041 Inhacorá";1100;1115;2215
"431043 Ipê";3423;3266;6689
"431046 Ipiranga do Sul";949;931;1880
"431050 Iraí";3665;3476;7141
"431053 Itaara";2798;2739;5537
"431055 Itacurubi";1790;1670;3460
"431057 Itapuca";1087;978;2065
"431060 Itaqui";18743;18746;37489
"431065 Itati";1231;1166;2397
"431070 Itatiba do Sul";1684;1547;3231
"431075 Ivorá";935;946;1881
"431080 Ivoti";12010;12680;24690
"431085 Jaboticaba";1930;1843;3773
"431087 Jacuizinho";1385;1321;2706
"431090 Jacutinga";1735;1811;3546
"431100 Jaguarão";12799;13701;26500
"431110 Jaguari";5473;5290;10763
"431112 Jaquirana";1864;1798;3662
"431113 Jari";1839;1649;3488
"431115 Jóia";4360;4206;8566
"431120 Júlio de Castilhos";9434;9790;19224
"431123 Lagoa Bonita do Sul";1541;1380;2921
"431127 Lagoa dos Três Cantos";770;837;1607
"431130 Lagoa Vermelha";13803;13975;27778
"431125 Lagoão";3382;3079;6461
"431140 Lajeado";41347;43686;85033
"431142 Lajeado do Bugre";1310;1256;2566
"431150 Lavras do Sul";3683;3761;7444
"431160 Liberato Salzano";2654;2498;5152
"431162 Lindolfo Collor";3094;3031;6125
"431164 Linha Nova";842;877;1719
"431171 Maçambará";2288;2274;4562
"431170 Machadinho";2708;2719;5427
"431173 Mampituba";1528;1445;2973
"431175 Manoel Viana";3638;3669;7307
"431177 Maquiné";3460;3221;6681
"431179 Maratá";1369;1333;2702
"431180 Marau";22251;22607;44858
"431190 Marcelino Ramos";2130;2189;4319
"431198 Mariana Pimentel";2013;1875;3888
"431200 Mariano Moro";1030;979;2009
"431205 Marques de Souza";1997;1998;3995
"431210 Mata";2431;2353;4784
"431213 Mato Castelhano";1324;1218;2542
"431215 Mato Leitão";2291;2282;4573
"431217 Mato Queimado";811;818;1629
"431220 Maximiliano de Almeida";2161;2153;4314
"431225 Minas do Leão";3986;4117;8103
"431230 Miraguaí";2461;2450;4911
"431235 Montauri";741;700;1441
"431237 Monte Alegre dos Campos";1764;1468;3232
"431238 Monte Belo do Sul";1275;1255;2530
"431240 Montenegro";32498;33223;65721
"431242 Mormaço";1563;1550;3113
"431244 Morrinhos do Sul";1474;1445;2919
"431245 Morro Redondo";3312;3277;6589
"431247 Morro Reuter";3210;3258;6468
"431250 Mostardas";6536;6311;12847
"431260 Muçum";2395;2566;4961
"431261 Muitos Capões";1645;1528;3173
"431262 Muliterno";947;950;1897
"431265 Não-Me-Toque";8801;8957;17758
"431267 Nicolau Vergueiro";842;832;1674
"431270 Nonoai";5785;5848;11633
"431275 Nova Alvorada";1826;1837;3663
"431280 Nova Araçá";2374;2452;4826
"431290 Nova Bassano";5080;4925;10005
"431295 Nova Boa Vista";856;897;1753
"431300 Nova Bréscia";1701;1636;3337
"431301 Nova Candelária";1344;1344;2688
"431303 Nova Esperança do Sul";2616;2794;5410
"431306 Nova Hartz";10711;11190;21901
"431308 Nova Pádua";1301;1257;2558
"431310 Nova Palma";3278;3237;6515
"431320 Nova Petrópolis";10524;11018;21542
"431330 Nova Prata";13876;13772;27648
"431333 Nova Ramada";1128;1090;2218
"431335 Nova Roma do Sul";1911;1806;3717
"431337 Nova Santa Rita";15043;14862;29905
"431349 Novo Barreiro";2083;2092;4175
"431339 Novo Cabrais";2095;2127;4222
"431340 Novo Hamburgo";119175;127857;247032
"431342 Novo Machado";1619;1637;3256
"431344 Novo Tiradentes";1153;1047;2200
"431346 Novo Xingu";830;882;1712
"431350 Osório";23040;23374;46414
"431360 Paim Filho";1847;1931;3778
"431365 Palmares do Sul";5495;5835;11330
"431370 Palmeira das Missões";16192;16939;33131
"431380 Palmitinho";3533;3523;7056
"431390 Panambi";22317;21827;44144
"431395 Pantano Grande";4443;4640;9083
"431400 Paraí";3943;3784;7727
"431402 Paraíso do Sul";3823;3800;7623
"431403 Pareci Novo";1974;1888;3862
"431405 Parobé";28804;30054;58858
"431406 Passa Sete";2998;2749;5747
"431407 Passo do Sobrado";3288;3286;6574
"431410 Passo Fundo";97853;106869;204722
"431413 Paulo Bento";1167;1132;2299
"431415 Paverama";4285;4230;8515
"431417 Pedras Altas";970;984;1954
"431420 Pedro Osório";3805;3901;7706
"431430 Pejuçara";1990;1867;3857
"431440 Pelotas";160915;182217;343132
"431442 Picada Café";2832;2955;5787
"431445 Pinhal";1330;1250;2580
"431446 Pinhal da Serra";1019;899;1918
"431447 Pinhal Grande";2249;2080;4329
"431449 Pinheirinho do Vale";2510;2389;4899
"431450 Pinheiro Machado";5996;6199;12195
"431454 Pinto Bandeira";1553;1483;3036
"431455 Pirapó";1123;1131;2254
"431460 Piratini";10427;10277;20704
"431470 Planalto";5030;4989;10019
"431475 Poço das Antas";1045;1056;2101
"431477 Pontão";1974;1927;3901
"431478 Ponte Preta";804;720;1524
"431480 Portão";18955;18669;37624
"431490 Porto Alegre";690904;797348;1488252
"431500 Porto Lucena";2323;2271;4594
"431505 Porto Mauá";1181;1171;2352
"431507 Porto Vera Cruz";634;674;1308
"431510 Porto Xavier";5161;5033;10194
"431513 Pouso Novo";809;803;1612
"431514 Presidente Lucena";1556;1381;2937
"431515 Progresso";3239;3000;6239
"431517 Protásio Alves";1040;898;1938
"431520 Putinga";1965;1924;3889
"431530 Quaraí";11022;11585;22607
"431531 Quatro Irmãos";935;916;1851
"431532 Quevedos";1499;1291;2790
"431535 Quinze de Novembro";1863;1940;3803
"431540 Redentora";6137;5532;11669
"431545 Relvado";1053;1026;2079
"431550 Restinga Seca";7802;7942;15744
"431555 Rio dos Índios";1371;1289;2660
"431560 Rio Grande";102113;109852;211965
"431570 Rio Pardo";18699;19566;38265
"431575 Riozinho";2342;2334;4676
"431580 Roca Sales";5662;5819;11481
"431590 Rodeio Bonito";2903;2965;5868
"431595 Rolador";1182;1114;2296
"431600 Rolante";10716;10778;21494
"431610 Ronda Alta";5216;5401;10617
"431620 Rondinha";2501;2579;5080
"431630 Roque Gonzales";3447;3350;6797
"431640 Rosário do Sul";19244;20070;39314
"431642 Sagrada Família";1334;1271;2605
"431643 Saldanha Marinho";1242;1380;2622
"431645 Salto do Jacuí";6236;6245;12481
"431647 Salvador das Missões";1435;1298;2733
"431650 Salvador do Sul";3958;3931;7889
"431660 Sananduva";8138;8190;16328
"431710 Sant'Ana do Livramento";36192;40129;76321
"431670 Santa Bárbara do Sul";3825;4068;7893
"431673 Santa Cecília do Sul";813;821;1634
"431675 Santa Clara do Sul";3303;3378;6681
"431680 Santa Cruz do Sul";63048;68317;131365
"431697 Santa Margarida do Sul";1394;1184;2578
"431690 Santa Maria";134771;148905;283676
"431695 Santa Maria do Herval";3216;3130;6346
"431720 Santa Rosa";36060;37515;73575
"431725 Santa Tereza";893;833;1726
"431730 Santa Vitória do Palmar";14542;14941;29483
"431700 Santana da Boa Vista";4068;3999;8067
"431740 Santiago";23763;25597;49360
"431750 Santo Ângelo";37390;40178;77568
"431760 Santo Antônio da Patrulha";21396;21734;43130
"431770 Santo Antônio das Missões";4943;5107;10050
"431755 Santo Antônio do Palma";1104;1019;2123
"431775 Santo Antônio do Planalto";988;1031;2019
"431780 Santo Augusto";6751;7097;13848
"431790 Santo Cristo";7085;7131;14216
"431795 Santo Expedito do Sul";1203;1102;2305
"431800 São Borja";29354;30665;60019
"431805 São Domingos do Sul";1550;1533;3083
"431810 São Francisco de Assis";9044;9161;18205
"431820 São Francisco de Paula";11130;10654;21784
"431830 São Gabriel";30413;31734;62147
"431840 São Jerônimo";12263;12149;24412
"431842 São João da Urtiga";2373;2268;4641
"431843 São João do Polêsine";1185;1358;2543
"431844 São Jorge";1418;1398;2816
"431845 São José das Missões";1281;1233;2514
"431846 São José do Herval";996;947;1943
"431848 São José do Hortêncio";2461;2404;4865
"431849 São José do Inhacorá";1059;997;2056
"431850 São José do Norte";14137;13584;27721
"431860 São José do Ouro";3411;3511;6922
"431861 São José do Sul";1229;1208;2437
"431862 São José dos Ausentes";1865;1678;3543
"431870 São Leopoldo";116145;122503;238648
"431880 São Lourenço do Sul";21823;21717;43540
"431890 São Luiz Gonzaga";16435;16858;33293
"431900 São Marcos";10569;11089;21658
"431910 São Martinho";2614;2766;5380
"431912 São Martinho da Serra";1636;1595;3231
"431915 São Miguel das Missões";4054;3629;7683
"431920 São Nicolau";2631;2577;5208
"431930 São Paulo das Missões";2910;2810;5720
"431935 São Pedro da Serra";1936;1906;3842
"431936 São Pedro das Missões";995;1022;2017
"431937 São Pedro do Butiá";1505;1444;2949
"431940 São Pedro do Sul";7958;8190;16148
"431950 São Sebastião do Caí";12749;13147;25896
"431960 São Sepé";11682;11873;23555
"431970 São Valentim";1621;1638;3259
"431971 São Valentim do Sul";1123;1122;2245
"431973 São Valério do Sul";1427;1302;2729
"431975 São Vendelino";1127;1139;2266
"431980 São Vicente do Sul";4352;4380;8732
"431990 Sapiranga";40209;42040;82249
"432000 Sapucaia do Sul";68920;72888;141808
"432010 Sarandi";12163;12600;24763
"432020 Seberi";5269;5444;10713
"432023 Sede Nova";1488;1403;2891
"432026 Segredo";3862;3582;7444
"432030 Selbach";2516;2591;5107
"432032 Senador Salgado Filho";1405;1365;2770
"432035 Sentinela do Sul";2901;2708;5609
"432040 Serafina Corrêa";8919;8876;17795
"432045 Sério";1009;917;1926
"432050 Sertão";2545;2770;5315
"432055 Sertão Santana";3219;3318;6537
"432057 Sete de Setembro";980;970;1950
"432060 Severiano de Almeida";1849;1782;3631
"432065 Silveira Martins";1173;1201;2374
"432067 Sinimbu";5241;4921;10162
"432070 Sobradinho";7449;7556;15005
"432080 Soledade";15358;15677;31035
"432085 Tabaí";2423;2346;4769
"432090 Tapejara";12233;12319;24552
"432100 Tapera";5137;5440;10577
"432110 Tapes";8478;8854;17332
"432120 Taquara";28356;29278;57634
"432130 Taquari";12995;13890;26885
"432132 Taquaruçu do Sul";1601;1476;3077
"432135 Tavares";2839;2644;5483
"432140 Tenente Portela";6615;6819;13434
"432143 Terra de Areia";5701;5614;11315
"432145 Teutônia";16680;17086;33766
"432146 Tio Hugo";1520;1535;3055
"432147 Tiradentes do Sul";2841;2775;5616
"432149 Toropi";1478;1307;2785
"432150 Torres";18884;20180;39064
"432160 Tramandaí";25072;27560;52632
"432162 Travesseiro";1173;1161;2334
"432163 Três Arroios";1304;1339;2643
"432166 Três Cachoeiras";5640;5475;11115
"432170 Três Coroas";14091;14515;28606
"432180 Três de Maio";11529;12347;23876
"432183 Três Forquilhas";1391;1278;2669
"432185 Três Palmeiras";2143;2108;4251
"432190 Três Passos";11773;12079;23852
"432195 Trindade do Sul";2880;2911;5791
"432200 Triunfo";14905;14951;29856
"432210 Tucunduva";2671;2973;5644
"432215 Tunas";2394;2183;4577
"432218 Tupanci do Sul";762;697;1459
"432220 Tupanciretã";11760;12308;24068
"432225 Tupandi";2624;2315;4939
"432230 Tuparendi";3746;4064;7810
"432232 Turuçu";1713;1710;3423
"432234 Ubiretama";1015;968;1983
"432235 União da Serra";606;512;1118
"432237 Unistalda";1163;1158;2321
"432240 Uruguaiana";61328;65538;126866
"432250 Vacaria";32982;33593;66575
"432253 Vale do Sol";6030;5798;11828
"432254 Vale Real";2960;3021;5981
"432252 Vale Verde";1771;1744;3515
"432255 Vanini";1066;1056;2122
"432260 Venâncio Aires";35550;36423;71973
"432270 Vera Cruz";13268;13831;27099
"432280 Veranópolis";12996;13537;26533
"432285 Vespasiano Correa";910;885;1795
"432290 Viadutos";2331;2359;4690
"432300 Viamão";124606;131696;256302
"432310 Vicente Dutra";2319;2280;4599
"432320 Victor Graeff";1400;1460;2860
"432330 Vila Flores";1703;1693;3396
"432335 Vila Lângaro";1089;991;2080
"432340 Vila Maria";2209;2154;4363
"432345 Vila Nova do Sul";2099;2178;4277
"432350 Vista Alegre";1334;1405;2739
"432360 Vista Alegre do Prata";811;746;1557
"432370 Vista Gaúcha";1415;1440;2855
"432375 Vitória das Missões";1553;1539;3092
"432377 Westfalia";1536;1495;3031
"432380 Xangri-lá";8463;8312;16775
"500020 Água Clara";8006;7770;15776
"500025 Alcinópolis";2861;2556;5417
"500060 Amambai";19829;19997;39826
"500070 Anastácio";12492;12745;25237
"500080 Anaurilândia";4574;4502;9076
"500085 Angélica";5650;5282;10932
"500090 Antônio João";4431;4589;9020
"500100 Aparecida do Taboado";13103;12966;26069
"500110 Aquidauana";23945;24084;48029
"500124 Aral Moreira";6363;5969;12332
"500150 Bandeirantes";3516;3284;6800
"500190 Bataguassu";11636;11689;23325
"500200 Batayporã";5448;5901;11349
"500210 Bela Vista";12443;12292;24735
"500215 Bodoquena";3913;3925;7838
"500220 Bonito";10916;11274;22190
"500230 Brasilândia";5942;5911;11853
"500240 Caarapó";15431;15162;30593
"500260 Camapuã";7019;6674;13693
"500270 Campo Grande";436655;469437;906092
"500280 Caracol";3103;3079;6182
"500290 Cassilândia";10914;11088;22002
"500295 Chapadão do Sul";13320;12545;25865
"500310 Corguinho";3234;2820;6054
"500315 Coronel Sapucaia";7428;7924;15352
"500320 Corumbá";56857;55201;112058
"500325 Costa Rica";11014;10128;21142
"500330 Coxim";16802;16831;33633
"500345 Deodápolis";6554;6430;12984
"500348 Dois Irmãos do Buriti";6196;5271;11467
"500350 Douradina";3042;2933;5975
"500370 Dourados";110666;114829;225495
"500375 Eldorado";6052;6348;12400
"500380 Fátima do Sul";9343;9827;19170
"500390 Figueirão";1596;1463;3059
"500400 Glória de Dourados";4904;5046;9950
"500410 Guia Lopes da Laguna";4838;4986;9824
"500430 Iguatemi";7984;8192;16176
"500440 Inocência";3850;3738;7588
"500450 Itaporã";12344;12818;25162
"500460 Itaquiraí";11063;10313;21376
"500470 Ivinhema";11641;11591;23232
"500480 Japorã";4644;4599;9243
"500490 Jaraguari";3839;3426;7265
"500500 Jardim";13013;13225;26238
"500510 Jateí";2081;1940;4021
"500515 Juti";3461;3326;6787
"500520 Ladário";11712;11977;23689
"500525 Laguna Carapã";3730;3689;7419
"500540 Maracaju";25490;22532;48022
"500560 Miranda";14508;13712;28220
"500568 Mundo Novo";8877;9596;18473
"500570 Naviraí";27840;27849;55689
"500580 Nioaque";7154;6708;13862
"500600 Nova Alvorada do Sul";11567;10863;22430
"500620 Nova Andradina";27643;27581;55224
"500625 Novo Horizonte do Sul";1819;1865;3684
"500627 Paraíso das Águas";3019;2635;5654
"500630 Paranaíba";20764;21512;42276
"500635 Paranhos";7254;7150;14404
"500640 Pedro Gomes";3941;3680;7621
"500660 Ponta Porã";46413;47524;93937
"500690 Porto Murtinho";9364;7934;17298
"500710 Ribas do Rio Pardo";12720;12246;24966
"500720 Rio Brilhante";19566;18620;38186
"500730 Rio Negro";2430;2363;4793
"500740 Rio Verde de Mato Grosso";9816;9983;19799
"500750 Rochedo";2819;2726;5545
"500755 Santa Rita do Pardo";4089;3811;7900
"500769 São Gabriel do Oeste";13482;13739;27221
"500780 Selvíria";3322;3220;6542
"500770 Sete Quedas";5459;5312;10771
"500790 Sidrolândia";30055;29190;59245
"500793 Sonora";10480;9241;19721
"500795 Tacuru";5948;5726;11674
"500797 Taquarussu";1799;1789;3588
"500800 Terenos";11976;10293;22269
"500830 Três Lagoas";61778;61503;123281
"500840 Vicentina";3020;3089;6109
"510010 Acorizal";2735;2640;5375
"510020 Água Boa";13880;12324;26204
"510025 Alta Floresta";26140;25806;51946
"510030 Alto Araguaia";9852;9527;19379
"510035 Alto Boa Vista";3625;3358;6983
"510040 Alto Garças";6523;5665;12188
"510050 Alto Paraguai";6349;5124;11473
"510060 Alto Taquari";5895;5238;11133
"510080 Apiacás";5449;4834;10283
"510100 Araguaiana";1555;1526;3081
"510120 Araguainha";472;443;915
"510125 Araputanga";8317;8634;16951
"510130 Arenápolis";4776;4726;9502
"510140 Aripuanã";11968;10746;22714
"510160 Barão de Melgaço";4766;3800;8566
"510170 Barra do Bugres";18398;16909;35307
"510180 Barra do Garças";30455;30902;61357
"510185 Bom Jesus do Araguaia";3601;3105;6706
"510190 Brasnorte";10933;9202;20135
"510250 Cáceres";46870;47991;94861
"510260 Campinápolis";8184;7943;16127
"510263 Campo Novo do Parecis";18287;17861;36148
"510267 Campo Verde";22893;22299;45192
"510268 Campos de Júlio";3494;3576;7070
"510269 Canabrava do Norte";2443;2283;4726
"510270 Canarana";11260;10582;21842
"510279 Carlinda";5304;4894;10198
"510285 Castanheira";4551;4211;8762
"510300 Chapada dos Guimarães";10280;9632;19912
"510305 Cláudia";6279;5966;12245
"510310 Cocalinho";3032;2677;5709
"510320 Colíder";16759;16891;33650
"510325 Colniza";20707;19154;39861
"510330 Comodoro";10671;10337;21008
"510335 Confresa";16244;15266;31510
"510336 Conquista D'Oeste";2118;1983;4101
"510337 Cotriguaçu";10421;9817;20238
"510340 Cuiabá";301670;316178;617848
"510343 Curvelândia";2639;2606;5245
"510345 Denise";4919;4625;9544
"510350 Diamantino";11426;10750;22176
"510360 Dom Aquino";4245;3912;8157
"510370 Feliz Natal";6904;7619;14523
"510380 Figueirópolis D'Oeste";1716;1736;3452
"510385 Gaúcha do Norte";4234;3548;7782
"510390 General Carneiro";2917;2675;5592
"510395 Glória D'Oeste";1477;1531;3008
"510410 Guarantã do Norte";18041;18089;36130
"510420 Guiratinga";8186;7059;15245
"510450 Indiavaí";1424;1355;2779
"510452 Ipiranga do Norte";4325;3610;7935
"510454 Itanhangá";3504;3381;6885
"510455 Itaúba";1884;1820;3704
"510460 Itiquira";7492;6033;13525
"510480 Jaciara";13811;14110;27921
"510490 Jangada";4223;4228;8451
"510500 Jauru";4249;4333;8582
"510510 Juara";17998;17132;35130
"510515 Juína";20500;20588;41088
"510517 Juruena";8382;7969;16351
"510520 Juscimeira";5763;5405;11168
"510523 Lambari D'Oeste";3217;2966;6183
"510525 Lucas do Rio Verde";35529;32091;67620
"510530 Luciara";1052;1003;2055
"510558 Marcelândia";5345;4956;10301
"510560 Matupá";8539;8254;16793
"510562 Mirassol d'Oeste";14028;13909;27937
"510590 Nobres";8078;7256;15334
"510600 Nortelândia";3039;2884;5923
"510610 Nossa Senhora do Livramento";7071;6131;13202
"510615 Nova Bandeirantes";8255;7405;15660
"510620 Nova Brasilândia";1949;1783;3732
"510621 Nova Canaã do Norte";6703;6129;12832
"510880 Nova Guarita";2277;2183;4460
"510618 Nova Lacerda";3466;3285;6751
"510885 Nova Marilândia";1770;1536;3306
"510890 Nova Maringá";4743;4107;8850
"510895 Nova Monte Verde";4951;4326;9277
"510622 Nova Mutum";24994;21819;46813
"510617 Nova Nazaré";2045;1887;3932
"510623 Nova Olímpia";10626;9937;20563
"510619 Nova Santa Helena";1929;1808;3737
"510624 Nova Ubiratã";6605;5659;12264
"510625 Nova Xavantina";10940;10574;21514
"510627 Novo Horizonte do Norte";2064;1958;4022
"510626 Novo Mundo";4676;4687;9363
"510631 Novo Santo Antônio";1496;1209;2705
"510628 Novo São Joaquim";2502;2447;4949
"510629 Paranaíta";6017;5240;11257
"510630 Paranatinga";12231;10643;22874
"510637 Pedra Preta";9063;8730;17793
"510642 Peixoto de Azevedo";18216;17122;35338
"510645 Planalto da Serra";1326;1323;2649
"510650 Poconé";16993;15922;32915
"510665 Pontal do Araguaia";3540;3303;6843
"510670 Ponte Branca";794;756;1550
"510675 Pontes e Lacerda";22742;23032;45774
"510677 Porto Alegre do Norte";6816;5869;12685
"510680 Porto dos Gaúchos";2832;2560;5392
"510682 Porto Esperidião";6338;5759;12097
"510685 Porto Estrela";1485;1392;2877
"510700 Poxoréo";8300;7721;16021
"510704 Primavera do Leste";31465;31518;62983
"510706 Querência";9263;8674;17937
"510715 Reserva do Cabaçal";1383;1360;2743
"510718 Ribeirão Cascalheira";5238;5091;10329
"510719 Ribeirãozinho";1243;1179;2422
"510720 Rio Branco";2563;2590;5153
"510757 Rondolândia";2064;1972;4036
"510760 Rondonópolis";118896;117171;236067
"510770 Rosário Oeste";9085;7982;17067
"510775 Salto do Céu";1688;1607;3295
"510724 Santa Carmem";2353;2210;4563
"510774 Santa Cruz do Xingu";1347;1286;2633
"510776 Santa Rita do Trivelato";1884;1642;3526
"510777 Santa Terezinha";4592;3868;8460
"510726 Santo Afonso";1743;1412;3155
"510779 Santo Antônio do Leste";2657;2666;5323
"510780 Santo Antônio do Leverger";8827;7992;16819
"510785 São Félix do Araguaia";6209;5592;11801
"510729 São José do Povo";2220;1885;4105
"510730 São José do Rio Claro";11458;9553;21011
"510735 São José do Xingu";2906;2714;5620
"510710 São José dos Quatro Marcos";9327;9519;18846
"510740 São Pedro da Cipa";2423;2356;4779
"510787 Sapezal";13878;12817;26695
"510788 Serra Nova Dourada";940;738;1678
"510790 Sinop";73323;72682;146005
"510792 Sorriso";47388;45381;92769
"510794 Tabaporã";5072;4342;9414
"510795 Tangará da Serra";53054;52650;105704
"510800 Tapurah";8650;5396;14046
"510805 Terra Nova do Norte";4831;4645;9476
"510810 Tesouro";2221;1603;3824
"510820 Torixoréu";1815;1732;3547
"510830 União do Sul";1868;1622;3490
"510835 Vale de São Domingos";1679;1447;3126
"510840 Várzea Grande";141689;146193;287882
"510850 Vera";5891;5511;11402
"510550 Vila Bela da Santíssima Trindade";8305;7966;16271
"510860 Vila Rica";13542;12954;26496
"520005 Abadia de Goiás";4308;4650;8958
"520010 Abadiânia";10449;10012;20461
"520013 Acreúna";11480;11066;22546
"520015 Adelândia";1270;1246;2516
"520017 Água Fria de Goiás";3015;2778;5793
"520020 Água Limpa";955;875;1830
"520025 Águas Lindas de Goiás";109016;108682;217698
"520030 Alexânia";14184;13826;28010
"520050 Aloândia";1001;985;1986
"520055 Alto Horizonte";3398;3207;6605
"520060 Alto Paraíso de Goiás";3656;4032;7688
"520080 Alvorada do Norte";4457;4248;8705
"520082 Amaralina";2028;1817;3845
"520085 Americano do Brasil";3220;2944;6164
"520090 Amorinópolis";1544;1525;3069
"520110 Anápolis";191313;200459;391772
"520120 Anhanguera";586;574;1160
"520130 Anicuns";11303;10678;21981
"520140 Aparecida de Goiânia";289671;300475;590146
"520145 Aparecida do Rio Doce";1267;1207;2474
"520150 Aporé";2243;1989;4232
"520160 Araçu";1729;1757;3486
"520170 Aragarças";10178;10095;20273
"520180 Aragoiânia";5374;5122;10496
"520215 Araguapaz";3907;3876;7783
"520235 Arenópolis";1257;1279;2536
"520250 Aruanã";5245;4865;10110
"520260 Aurilândia";1542;1516;3058
"520280 Avelinópolis";1207;1202;2409
"520310 Baliza";2923;2357;5280
"520320 Barro Alto";6093;5315;11408
"520330 Bela Vista de Goiás";15529;14963;30492
"520340 Bom Jardim de Goiás";4481;4388;8869
"520350 Bom Jesus de Goiás";13485;12163;25648
"520355 Bonfinópolis";4847;5072;9919
"520357 Bonópolis";2327;2166;4493
"520360 Brazabrantes";1883;1863;3746
"520380 Britânia";2952;2845;5797
"520390 Buriti Alegre";4748;4736;9484
"520393 Buriti de Goiás";1254;1222;2476
"520396 Buritinópolis";1688;1595;3283
"520400 Cabeceiras";4049;3997;8046
"520410 Cachoeira Alta";7101;5565;12666
"520420 Cachoeira de Goiás";696;646;1342
"520425 Cachoeira Dourada";3993;4038;8031
"520430 Caçu";8947;7323;16270
"520440 Caiapônia";9791;9316;19107
"520450 Caldas Novas";45757;47439;93196
"520455 Caldazinha";1896;1952;3848
"520460 Campestre de Goiás";1852;1797;3649
"520465 Campinaçu";1881;1751;3632
"520470 Campinorte";6558;6206;12764
"520480 Campo Alegre de Goiás";3970;3768;7738
"520485 Campo Limpo de Goiás";3968;3972;7940
"520490 Campos Belos";9812;10195;20007
"520495 Campos Verdes";913;917;1830
"520500 Carmo do Rio Verde";5196;4990;10186
"520505 Castelândia";1785;1622;3407
"520510 Catalão";55952;55031;110983
"520520 Caturaí";2604;2497;5101
"520530 Cavalcante";5045;4680;9725
"520540 Ceres";10816;11490;22306
"520545 Cezarina";4396;4307;8703
"520547 Chapadão do Céu";5542;4944;10486
"520549 Cidade Ocidental";35668;37222;72890
"520551 Cocalzinho de Goiás";10499;10005;20504
"520552 Colinas do Sul";1725;1635;3360
"520570 Córrego do Ouro";1156;1134;2290
"520580 Corumbá de Goiás";5906;5263;11169
"520590 Corumbaíba";5129;4740;9869
"520620 Cristalina";30861;29349;60210
"520630 Cristianópolis";1509;1455;2964
"520640 Crixás";8859;8185;17044
"520650 Cromínia";1728;1744;3472
"520660 Cumari";1452;1385;2837
"520670 Damianópolis";1712;1594;3306
"520680 Damolândia";1423;1530;2953
"520690 Davinópolis";1107;987;2094
"520710 Diorama";1233;1246;2479
"520830 Divinópolis de Goiás";2456;2322;4778
"520725 Doverlândia";3786;3461;7247
"520735 Edealina";1907;1781;3688
"520740 Edéia";6410;6057;12467
"520750 Estrela do Norte";1715;1549;3264
"520753 Faina";3406;3170;6576
"520760 Fazenda Nova";2798;2755;5553
"520780 Firminópolis";6585;6864;13449
"520790 Flores de Goiás";9553;7452;17005
"520800 Formosa";61799;61885;123684
"520810 Formoso";2118;2054;4172
"520815 Gameleira de Goiás";2013;1867;3880
"520840 Goianápolis";5696;5528;11224
"520850 Goiandira";2798;2827;5625
"520860 Goianésia";36278;34797;71075
"520870 Goiânia";732199;803898;1536097
"520880 Goianira";22709;22587;45296
"520890 Goiás";10872;11509;22381
"520910 Goiatuba";16994;17208;34202
"520915 Gouvelândia";3118;2870;5988
"520920 Guapó";7002;7205;14207
"520929 Guaraíta";957;994;1951
"520940 Guarani de Goiás";2064;1782;3846
"520945 Guarinos";945;792;1737
"520960 Heitoraí";1892;1841;3733
"520970 Hidrolândia";11268;10856;22124
"520980 Hidrolina";1768;1740;3508
"520990 Iaciara";7318;6764;14082
"520993 Inaciolândia";3170;3065;6235
"520995 Indiara";8062;7725;15787
"521000 Inhumas";25934;27325;53259
"521010 Ipameri";13705;13469;27174
"521015 Ipiranga de Goiás";1459;1434;2893
"521020 Iporá";15472;16027;31499
"521030 Israelândia";1400;1386;2786
"521040 Itaberaí";21946;21676;43622
"521056 Itaguari";2357;2328;4685
"521060 Itaguaru";2627;2579;5206
"521080 Itajá";2186;2289;4475
"521090 Itapaci";11935;11486;23421
"521100 Itapirapuã";2369;2316;4685
"521120 Itapuranga";12605;13076;25681
"521130 Itarumã";3804;3455;7259
"521140 Itauçu";4405;4555;8960
"521150 Itumbiara";52025;53784;105809
"521160 Ivolândia";1238;1096;2334
"521170 Jandaia";3064;2961;6025
"521180 Jaraguá";25863;25475;51338
"521190 Jataí";51246;50819;102065
"521200 Jaupaci";1421;1439;2860
"521205 Jesúpolis";1240;1266;2506
"521210 Joviânia";3728;3674;7402
"521220 Jussara";9144;9227;18371
"521225 Lagoa Santa";811;810;1621
"521230 Leopoldo de Bulhões";3857;3794;7651
"521250 Luziânia";105026;106482;211508
"521260 Mairipotaba";1206;1157;2363
"521270 Mambaí";4597;4484;9081
"521280 Mara Rosa";4745;4618;9363
"521290 Marzagão";1120;1130;2250
"521295 Matrinchã";2166;2170;4336
"521300 Maurilândia";7516;6811;14327
"521305 Mimoso de Goiás";1388;1195;2583
"521308 Minaçu";14501;14292;28793
"521310 Mineiros";35434;32720;68154
"521340 Moiporá";732;769;1501
"521350 Monte Alegre de Goiás";4449;4235;8684
"521370 Montes Claros de Goiás";4083;3964;8047
"521375 Montividiu";7107;6565;13672
"521377 Montividiu do Norte";2273;2236;4509
"521380 Morrinhos";23374;23174;46548
"521385 Morro Agudo de Goiás";1106;1126;2232
"521390 Mossâmedes";2104;2102;4206
"521400 Mozarlândia";8019;7851;15870
"521405 Mundo Novo";2515;2198;4713
"521410 Mutunópolis";1937;1827;3764
"521440 Nazário";4616;4644;9260
"521450 Nerópolis";14866;15529;30395
"521460 Niquelândia";23662;23068;46730
"521470 Nova América";1204;1153;2357
"521480 Nova Aurora";1113;1109;2222
"521483 Nova Crixás";6652;6293;12945
"521486 Nova Glória";4022;4090;8112
"521487 Nova Iguaçu de Goiás";1501;1433;2934
"521490 Nova Roma";1652;1584;3236
"521500 Nova Veneza";5018;5000;10018
"521520 Novo Brasil";1444;1399;2843
"521523 Novo Gama";57801;59902;117703
"521525 Novo Planalto";2372;2172;4544
"521530 Orizona";8009;7716;15725
"521540 Ouro Verde de Goiás";1779;1944;3723
"521550 Ouvidor";3409;3373;6782
"521560 Padre Bernardo";17262;17168;34430
"521565 Palestina de Goiás";1870;1597;3467
"521570 Palmeiras de Goiás";14877;14515;29392
"521580 Palmelo";1152;1229;2381
"521590 Palminópolis";1759;1823;3582
"521600 Panamá";1314;1289;2603
"521630 Paranaiguara";5230;4910;10140
"521640 Paraúna";5507;5473;10980
"521645 Perolândia";1656;1487;3143
"521680 Petrolina de Goiás";5459;4802;10261
"521690 Pilar de Goiás";1144;1050;2194
"521710 Piracanjuba";12260;12288;24548
"521720 Piranhas";5181;5091;10272
"521730 Pirenópolis";12715;12349;25064
"521740 Pires do Rio";15432;16254;31686
"521760 Planaltina";44939;45701;90640
"521770 Pontalina";8913;8947;17860
"521800 Porangatu";22989;22644;45633
"521805 Porteirão";2146;1785;3931
"521810 Portelândia";2070;1952;4022
"521830 Posse";19050;18364;37414
"521839 Professor Jamil";1640;1563;3203
"521850 Quirinópolis";26076;24625;50701
"521860 Rialma";5489;5451;10940
"521870 Rianápolis";2436;2381;4817
"521878 Rio Quente";2356;2256;4612
"521880 Rio Verde";124673;116845;241518
"521890 Rubiataba";9947;10000;19947
"521900 Sanclerlândia";3804;3828;7632
"521910 Santa Bárbara de Goiás";3385;3249;6634
"521920 Santa Cruz de Goiás";1430;1389;2819
"521925 Santa Fé de Goiás";2716;2807;5523
"521930 Santa Helena de Goiás";19491;19317;38808
"521935 Santa Isabel";1960;1855;3815
"521940 Santa Rita do Araguaia";4620;4315;8935
"521945 Santa Rita do Novo Destino";1836;1519;3355
"521950 Santa Rosa de Goiás";1096;1156;2252
"521960 Santa Tereza de Goiás";1610;1670;3280
"521970 Santa Terezinha de Goiás";4389;4173;8562
"521971 Santo Antônio da Barra";2559;2295;4854
"521973 Santo Antônio de Goiás";3195;3245;6440
"521975 Santo Antônio do Descoberto";37246;38583;75829
"521980 São Domingos";6957;6146;13103
"521990 São Francisco de Goiás";3184;3083;6267
"522000 São João d'Aliança";7193;6892;14085
"522005 São João da Paraúna";646;699;1345
"522010 São Luís de Montes Belos";16759;17398;34157
"522015 São Luíz do Norte";2628;2587;5215
"522020 São Miguel do Araguaia";11137;10783;21920
"522026 São Miguel do Passa Quatro";2052;2030;4082
"522028 São Patrício";980;1057;2037
"522040 São Simão";11132;9853;20985
"522045 Senador Canedo";59096;59355;118451
"522050 Serranópolis";4505;4137;8642
"522060 Silvânia";10595;10221;20816
"522068 Simolândia";3478;3401;6879
"522070 Sítio d'Abadia";1590;1411;3001
"522100 Taquaral de Goiás";1675;1846;3521
"522108 Teresina de Goiás";1794;1704;3498
"522119 Terezópolis de Goiás";4162;4024;8186
"522130 Três Ranchos";1402;1428;2830
"522140 Trindade";63731;66092;129823
"522145 Trombas";1797;1701;3498
"522150 Turvânia";2265;2299;4564
"522155 Turvelândia";2804;2561;5365
"522157 Uirapuru";1432;1408;2840
"522160 Uruaçu";20673;20167;40840
"522170 Uruana";7042;6776;13818
"522180 Urutaí";1526;1540;3066
"522185 Valparaíso de Goiás";83693;88442;172135
"522190 Varjão";1947;1891;3838
"522200 Vianópolis";6934;7043;13977
"522205 Vicentinópolis";4704;4169;8873
"522220 Vila Boa";3646;2666;6312
"522230 Vila Propício";3027;2855;5882
"530010 Brasília";1468025;1587124;3055149